2.907000000000000139e-01
3.559649559386972584e-01
3.876747305236269425e-01
4.100907289272028855e-01
4.293322053639844205e-01
4.760717509578541451e-01
5.005062337164748465e-01
5.209588007662832032e-01
5.379724406130265146e-01
5.508231685823752333e-01
5.616829386973176685e-01
5.707327471264364016e-01
5.799635517241374938e-01
5.891943563218386970e-01
5.980631685823750709e-01
6.063889923371643675e-01
6.141718275862064758e-01
6.212306781609191475e-01
6.279275363984669900e-01
6.342624022988501142e-01
6.409592605363979567e-01
6.478371149425281583e-01
6.539909846743290345e-01
6.596018659003826112e-01
6.648507547892714697e-01
6.695566551724132509e-01
6.728145862068959371e-01
6.764345095785435635e-01
6.800544329501909679e-01
6.838553524904209535e-01
6.876562720306507170e-01
6.916381877394630617e-01
6.950771149425281070e-01
6.981540498084285451e-01
7.014119808429113423e-01
7.041269233716468401e-01
7.072038582375472782e-01
7.106427854406124345e-01
7.137197203065127615e-01
7.166156590038308405e-01
7.195115977011486974e-01
7.224075363984667764e-01
7.247604865900376669e-01
7.278374214559379940e-01
7.303713678160913547e-01
7.329053141762446044e-01
7.354392605363978541e-01
7.381542030651334629e-01
7.405071532567043535e-01
7.435840881226046806e-01
7.466610229885051186e-01
7.495569616858229756e-01
7.517289157088116180e-01
7.540818659003825086e-01
7.557108314176238517e-01
7.575207931034475539e-01
7.587877662835242898e-01
7.605977279693479920e-01
7.622266934865893351e-01
7.638556590038307892e-01
7.654846245210721323e-01
7.674755823754783046e-01
7.692855440613020068e-01
7.707335134099608798e-01
7.720004865900376156e-01
7.732674597701142405e-01
7.741724406130260361e-01
7.752584176245204128e-01
7.763443946360146786e-01
7.777923639846736625e-01
7.790593371647502874e-01
7.801453141762444421e-01
7.815932835249034261e-01
7.830412528735625211e-01
7.837652375478919575e-01
7.843082260536390349e-01
7.857561954022981299e-01
7.864801800766276774e-01
7.875661570881218321e-01
7.891951226053632862e-01
7.910050842911869884e-01
7.924530536398459724e-01
7.940820191570873154e-01
7.951679961685815812e-01
7.962539731800759579e-01
7.969779578544053944e-01
7.978829386973173010e-01
7.986069233716468485e-01
7.998738965517234734e-01
8.011408697317999872e-01
8.020458505747118938e-01
8.029508314176239114e-01
8.038558122605357070e-01
8.043988007662827844e-01
8.049417892720297507e-01
8.058467701149417683e-01
8.063897586206889567e-01
8.074757356321831114e-01
8.081997203065126589e-01
8.085617126436772661e-01
8.094666934865892838e-01
8.103716743295011904e-01
8.109146628352481567e-01
8.112766551724129860e-01
8.121816360153248926e-01
8.125436283524896108e-01
8.130866168582369102e-01
8.134486091954015174e-01
8.143535900383133130e-01
8.150775747126429716e-01
8.158015593869724080e-01
8.161635517241372373e-01
8.168875363984666738e-01
8.176115210727961102e-01
8.181545095785432986e-01
8.186974980842904870e-01
8.192404865900375643e-01
8.194214827586199235e-01
8.197834750957847527e-01
8.201454674329493599e-01
8.205074597701141892e-01
8.212314444444436257e-01
8.214124406130259848e-01
8.221364252873556433e-01
8.223174214559378914e-01
8.230414061302674389e-01
8.230414061302674389e-01
8.241273831417617046e-01
8.243083793103440637e-01
8.250323639846735002e-01
8.253943563218383295e-01
8.261183409961677659e-01
8.259373448275854068e-01
8.261183409961677659e-01
8.261183409961677659e-01
8.261183409961677659e-01
8.261183409961677659e-01
8.261183409961677659e-01
8.261183409961677659e-01
8.259373448275854068e-01
8.255753524904207996e-01
8.255753524904205776e-01
8.261183409961677659e-01
8.257563486590029367e-01
8.257563486590029367e-01
8.262993371647502361e-01
8.259373448275854068e-01
8.259373448275854068e-01
8.259373448275854068e-01
8.266613295019149543e-01
8.266613295019148433e-01
8.268423256704972024e-01
8.272043180076620317e-01
8.275663103448268609e-01
8.272043180076620317e-01
8.273853141762443908e-01
8.281092988505738273e-01
8.282902950191562974e-01
8.288332835249034858e-01
8.299192605363977515e-01
8.301002567049801106e-01
8.311862337164743764e-01
8.317292222222214537e-01
8.328151992337156084e-01
8.333581877394629078e-01
8.340821724137923443e-01
8.342631685823747034e-01
8.348061570881217808e-01
8.349871532567041399e-01
8.351681494252864990e-01
8.351681494252864990e-01
8.346251609195395327e-01
8.340821724137923443e-01
8.337201800766276261e-01
8.333581877394629078e-01
8.337201800766275150e-01
8.340821724137923443e-01
8.344441647509570625e-01
8.346251609195393106e-01
8.348061570881217808e-01
8.344441647509570625e-01
8.346251609195393106e-01
8.349871532567041399e-01
8.353491455938689692e-01
8.358921340996161575e-01
8.371591072796926714e-01
8.378830919540222189e-01
8.382450842911868261e-01
8.386070766283516553e-01
8.387880727969341255e-01
8.391500651340988437e-01
8.389690689655164846e-01
8.396930536398459211e-01
8.400550459770107503e-01
8.407790306513401868e-01
8.405980344827579387e-01
8.409600268199225459e-01
8.405980344827577166e-01
8.402360421455931094e-01
8.400550459770107503e-01
8.402360421455931094e-01
8.402360421455931094e-01
8.404170383141755796e-01
8.409600268199225459e-01
8.407790306513401868e-01
8.405980344827579387e-01
8.407790306513401868e-01
8.409600268199225459e-01
8.411410229885050160e-01
8.416840114942519824e-01
8.424079961685816409e-01
8.429509846743286072e-01
8.433129770114934365e-01
8.436749693486582657e-01
8.438559655172405138e-01
8.438559655172405138e-01
8.438559655172405138e-01
8.438559655172405138e-01
8.440369616858228730e-01
8.440369616858228730e-01
8.442179578544053431e-01
8.443989540229877022e-01
8.445799501915700613e-01
8.447609463601523094e-01
8.451229386973171387e-01
8.453039348658994978e-01
8.454849310344819679e-01
8.460279195402291563e-01
8.460279195402289343e-01
8.465709080459762337e-01
8.471138965517234221e-01
8.476568850574703884e-01
8.478378812260528585e-01
8.485618659003822950e-01
8.480188773946352176e-01
8.480188773946352176e-01
8.480188773946352176e-01
8.483808697318000469e-01
8.485618659003822950e-01
8.491048544061294834e-01
8.491048544061294834e-01
8.491048544061294834e-01
8.483808697318000469e-01
8.480188773946352176e-01
8.480188773946352176e-01
8.478378812260528585e-01
8.478378812260528585e-01
8.481998735632174657e-01
8.481998735632174657e-01
8.483808697317998249e-01
8.489238582375471243e-01
8.491048544061294834e-01
8.492858505747118425e-01
8.494668467432940906e-01
8.494668467432943126e-01
8.494668467432940906e-01
8.496478429118766718e-01
8.500098352490412790e-01
8.503718275862061082e-01
8.510958122605355447e-01
8.516388007662826221e-01
8.520007931034474513e-01
8.525437816091946397e-01
8.532677662835240762e-01
8.536297586206889054e-01
8.539917509578535126e-01
8.547157356321830601e-01
8.552587241379303595e-01
8.552587241379301375e-01
8.554397203065124966e-01
8.554397203065124966e-01
8.554397203065124966e-01
8.552587241379301375e-01
8.556207164750949667e-01
8.558017126436773259e-01
8.559827088122597960e-01
8.558017126436773259e-01
8.558017126436773259e-01
8.556207164750949667e-01
8.556207164750949667e-01
8.558017126436773259e-01
8.561637049808421551e-01
8.563447011494244032e-01
8.565256973180068734e-01
8.568876896551715916e-01
8.570686858237539507e-01
8.574306781609187800e-01
8.577926704980833872e-01
8.581546628352482164e-01
8.581546628352482164e-01
8.588786475095776529e-01
8.590596436781601231e-01
8.592406398467424822e-01
8.596026321839073114e-01
8.596026321839070894e-01
8.590596436781601231e-01
8.590596436781601231e-01
8.592406398467424822e-01
8.594216360153247303e-01
8.599646245210719187e-01
8.605076130268191070e-01
8.610506015325661844e-01
8.614125938697310136e-01
8.615935900383133728e-01
8.617745862068957319e-01
8.623175747126428092e-01
8.626795670498076385e-01
8.626795670498076385e-01
8.630415593869724677e-01
8.635845478927194341e-01
8.635845478927194341e-01
8.635845478927194341e-01
8.639465402298840413e-01
8.637655440613019042e-01
8.634035517241370750e-01
8.634035517241370750e-01
8.634035517241370750e-01
8.632225555555546048e-01
8.634035517241370750e-01
8.634035517241370750e-01
8.630415593869724677e-01
8.630415593869722457e-01
8.630415593869724677e-01
8.630415593869722457e-01
8.634035517241370750e-01
8.639465402298840413e-01
8.637655440613019042e-01
8.641275363984666225e-01
8.643085325670488706e-01
8.643085325670488706e-01
8.643085325670488706e-01
8.650325172413785291e-01
8.650325172413785291e-01
8.653945095785433583e-01
8.657565019157079655e-01
8.661184942528727948e-01
8.657565019157079655e-01
8.657565019157079655e-01
8.653945095785431363e-01
8.652135134099608882e-01
8.648515210727960589e-01
8.648515210727960589e-01
8.648515210727960589e-01
8.648515210727960589e-01
8.648515210727960589e-01
8.646705249042136998e-01
8.648515210727960589e-01
8.646705249042136998e-01
8.646705249042136998e-01
8.644895287356313407e-01
8.643085325670490926e-01
8.641275363984665114e-01
8.643085325670490926e-01
8.643085325670490926e-01
8.639465402298842633e-01
8.643085325670488706e-01
8.639465402298842633e-01
8.635845478927194341e-01
8.632225555555546048e-01
8.634035517241370750e-01
8.632225555555546048e-01
8.632225555555548269e-01
8.632225555555546048e-01
8.632225555555546048e-01
8.630415593869724677e-01
8.630415593869724677e-01
8.630415593869724677e-01
8.632225555555546048e-01
8.634035517241370750e-01
8.635845478927194341e-01
8.639465402298842633e-01
8.644895287356313407e-01
8.648515210727960589e-01
8.655755057471254954e-01
8.662994904214551539e-01
8.662994904214551539e-01
8.662994904214549319e-01
8.662994904214549319e-01
8.659374980842903247e-01
8.659374980842903247e-01
8.664804865900375130e-01
8.664804865900375130e-01
8.668424789272022313e-01
8.670234750957845904e-01
8.666614827586199832e-01
8.661184942528727948e-01
8.662994904214551539e-01
8.661184942528727948e-01
8.662994904214549319e-01
8.662994904214551539e-01
8.664804865900375130e-01
8.664804865900374020e-01
8.664804865900375130e-01
8.662994904214551539e-01
8.666614827586197611e-01
8.672044712643669495e-01
8.672044712643669495e-01
8.677474597701142489e-01
8.677474597701140269e-01
8.675664636015317788e-01
8.670234750957845904e-01
8.670234750957845904e-01
8.664804865900375130e-01
8.664804865900375130e-01
8.666614827586199832e-01
8.668424789272022313e-01
8.668424789272022313e-01
8.666614827586197611e-01
8.666614827586197611e-01
8.662994904214551539e-01
8.664804865900375130e-01
8.662994904214551539e-01
8.666614827586197611e-01
8.670234750957845904e-01
8.673854674329494197e-01
8.670234750957845904e-01
8.672044712643669495e-01
8.666614827586197611e-01
8.659374980842903247e-01
8.657565019157079655e-01
8.653945095785431363e-01
8.657565019157079655e-01
8.664804865900375130e-01
8.673854674329494197e-01
8.677474597701140269e-01
8.688334367816082926e-01
8.691954291187731219e-01
8.695574214559378401e-01
8.697384176245203102e-01
8.699194137931025583e-01
8.701004099616849174e-01
8.701004099616849174e-01
8.699194137931026694e-01
8.699194137931026694e-01
8.699194137931025583e-01
8.697384176245200882e-01
8.697384176245200882e-01
8.699194137931025583e-01
8.701004099616849174e-01
8.702814061302672766e-01
8.702814061302672766e-01
8.702814061302672766e-01
8.704624022988497467e-01
8.701004099616849174e-01
8.701004099616849174e-01
8.701004099616849174e-01
8.701004099616849174e-01
8.699194137931025583e-01
8.701004099616849174e-01
8.701004099616849174e-01
8.701004099616849174e-01
8.699194137931026694e-01
8.697384176245203102e-01
8.691954291187731219e-01
8.690144329501908738e-01
8.686524406130260445e-01
8.684714444444436854e-01
8.682904482758612152e-01
8.684714444444434633e-01
8.682904482758612152e-01
8.682904482758612152e-01
8.682904482758612152e-01
8.682904482758612152e-01
8.684714444444436854e-01
8.684714444444436854e-01
8.684714444444436854e-01
8.684714444444436854e-01
8.684714444444436854e-01
8.682904482758612152e-01
8.682904482758612152e-01
8.682904482758612152e-01
8.682904482758612152e-01
8.682904482758612152e-01
8.686524406130260445e-01
8.686524406130260445e-01
8.690144329501906517e-01
8.690144329501906517e-01
8.690144329501906517e-01
8.686524406130260445e-01
8.686524406130260445e-01
8.682904482758612152e-01
8.682904482758612152e-01
8.682904482758612152e-01
8.682904482758612152e-01
8.682904482758612152e-01
8.682904482758612152e-01
8.682904482758612152e-01
8.682904482758612152e-01
8.686524406130260445e-01
8.686524406130258225e-01
8.686524406130260445e-01
8.686524406130260445e-01
8.686524406130260445e-01
8.682904482758612152e-01
8.684714444444436854e-01
8.686524406130260445e-01
8.688334367816084036e-01
8.690144329501906517e-01
8.690144329501906517e-01
8.688334367816084036e-01
