2.907000000000000139e-01
3.482726187739463297e-01
3.750049987228606940e-01
3.938010737547891771e-01
4.085176459770113455e-01
4.456643946360151487e-01
4.615920574712641944e-01
4.758907547892718415e-01
4.876555057471261279e-01
4.983342796934863150e-01
5.099180344827582978e-01
5.207778045977008441e-01
5.298276130268195772e-01
5.394204099616854986e-01
5.486512145593865908e-01
5.571580344827582465e-01
5.654838582375475431e-01
5.739906781609191988e-01
5.803255440613023231e-01
5.859364252873560108e-01
5.904613295019152108e-01
5.948052375478922738e-01
5.996921340996164140e-01
6.063889923371643675e-01
6.125428620689650216e-01
6.183347394636010685e-01
6.244886091954018337e-01
6.295565019157083331e-01
6.339004099616853960e-01
6.377013295019151595e-01
6.425882260536394108e-01
6.478371149425281583e-01
6.516380344827581439e-01
6.565249310344822842e-01
6.605068467432945178e-01
6.639457739463596742e-01
6.673847011494247194e-01
6.726335900383135780e-01
6.773394904214553591e-01
6.829503716475089359e-01
6.880182643678154353e-01
6.930861570881219347e-01
6.976110613026813567e-01
7.017739731800760605e-01
7.055748927203058241e-01
7.100997969348653571e-01
7.133577279693480433e-01
7.171586475095779178e-01
7.204165785440606040e-01
7.242174980842905896e-01
7.269324406130260874e-01
7.296473831417618072e-01
7.316383409961678685e-01
7.332673065134093227e-01
7.348962720306506657e-01
7.368872298850568381e-01
7.396021724137924469e-01
7.423171149425280557e-01
7.453940498084283828e-01
7.482899885057465728e-01
7.510049310344820706e-01
7.533578812260529611e-01
7.555298352490413816e-01
7.575207931034475539e-01
7.589687624521066489e-01
7.609597203065127102e-01
7.624076896551716942e-01
7.638556590038307892e-01
7.653036283524896621e-01
7.672945862068958345e-01
7.687425555555548184e-01
7.703715210727961615e-01
7.718194904214552565e-01
7.727244712643670521e-01
7.736294521072790698e-01
7.748964252873555836e-01
7.759824022988498493e-01
7.772493754789264742e-01
7.786973448275855691e-01
7.805073065134091603e-01
7.823172681992329736e-01
7.841272298850567868e-01
7.857561954022982409e-01
7.870231685823747547e-01
7.881091455938691315e-01
7.886521340996162088e-01
7.895571149425280044e-01
7.908240881226046293e-01
7.920910613026812541e-01
7.931770383141756309e-01
7.944440114942521447e-01
7.957109846743287696e-01
7.966159655172406762e-01
7.978829386973173010e-01
7.986069233716467375e-01
7.995119042145585331e-01
7.996929003831410032e-01
8.005978812260530209e-01
8.011408697317999872e-01
8.022268467432942529e-01
8.029508314176239114e-01
8.040368084291179551e-01
8.042178045977003142e-01
8.049417892720299728e-01
8.056657739463594092e-01
8.065707547892714269e-01
8.078377279693478297e-01
8.091047011494245655e-01
8.101906781609187203e-01
8.109146628352483788e-01
8.114576513409954561e-01
8.118196436781601744e-01
8.125436283524896108e-01
8.129056206896544401e-01
8.136296053639838766e-01
8.141725938697309539e-01
8.141725938697310649e-01
8.147155823754781423e-01
8.156205632183899379e-01
8.161635517241372373e-01
8.165255440613019555e-01
8.181545095785432986e-01
8.183355057471256577e-01
8.186974980842904870e-01
8.194214827586199235e-01
8.206884559386965483e-01
8.210504482758613776e-01
8.221364252873556433e-01
8.223174214559378914e-01
8.228604099616850798e-01
8.226794137931026096e-01
8.232224022988499090e-01
8.234033984674322681e-01
8.244893754789265339e-01
8.252133601532559704e-01
8.261183409961677659e-01
8.266613295019148433e-01
8.281092988505738273e-01
8.291952758620680930e-01
8.297382643678152814e-01
8.306432452107271880e-01
8.315482260536389836e-01
8.319102183908038128e-01
8.319102183908038128e-01
8.324532068965510012e-01
8.333581877394629078e-01
8.339011762452098742e-01
8.346251609195393106e-01
8.348061570881217808e-01
8.351681494252864990e-01
8.349871532567043619e-01
8.353491455938689692e-01
8.351681494252864990e-01
8.358921340996159355e-01
8.371591072796927824e-01
8.384260804597692962e-01
8.391500651340987327e-01
8.405980344827577166e-01
8.418650076628344525e-01
8.429509846743286072e-01
8.436749693486582657e-01
8.443989540229877022e-01
8.449419425287348906e-01
8.456659272030643271e-01
8.458469233716467972e-01
8.463899118773937635e-01
8.471138965517234221e-01
8.476568850574703884e-01
8.483808697317998249e-01
8.489238582375471243e-01
8.496478429118765607e-01
8.501908314176237491e-01
8.510958122605355447e-01
8.516388007662826221e-01
8.520007931034474513e-01
8.523627854406121696e-01
8.530867701149418281e-01
8.532677662835240762e-01
8.534487624521064353e-01
8.543537432950183419e-01
8.547157356321830601e-01
8.548967318007655303e-01
8.558017126436773259e-01
8.561637049808419331e-01
8.561637049808421551e-01
8.568876896551715916e-01
8.574306781609187800e-01
8.579736666666658573e-01
8.586976513409952938e-01
8.592406398467424822e-01
8.596026321839073114e-01
8.603266168582367479e-01
8.597836283524895595e-01
8.599646245210719187e-01
8.605076130268189960e-01
8.608696053639837142e-01
8.608696053639837142e-01
8.615935900383133728e-01
8.619555823754780910e-01
8.619555823754780910e-01
8.619555823754780910e-01
8.619555823754780910e-01
8.623175747126428092e-01
8.626795670498076385e-01
8.630415593869722457e-01
8.637655440613019042e-01
8.641275363984665114e-01
8.641275363984665114e-01
8.641275363984665114e-01
8.641275363984666225e-01
8.637655440613017932e-01
8.637655440613017932e-01
8.637655440613017932e-01
8.641275363984665114e-01
8.641275363984665114e-01
8.643085325670490926e-01
8.646705249042136998e-01
8.653945095785431363e-01
8.657565019157079655e-01
8.664804865900374020e-01
8.670234750957845904e-01
8.673854674329493086e-01
8.675664636015316677e-01
8.677474597701140269e-01
8.681094521072788561e-01
8.684714444444436854e-01
8.690144329501906517e-01
8.693764252873554810e-01
8.697384176245203102e-01
8.699194137931025583e-01
8.702814061302672766e-01
8.701004099616849174e-01
8.701004099616849174e-01
8.701004099616849174e-01
8.701004099616849174e-01
8.699194137931025583e-01
8.701004099616849174e-01
8.701004099616849174e-01
8.701004099616849174e-01
8.704624022988497467e-01
8.706433984674321058e-01
8.710053908045969351e-01
8.713673831417615423e-01
8.717293754789263716e-01
8.717293754789263716e-01
8.719103716475087307e-01
8.719103716475087307e-01
8.722723639846734489e-01
8.722723639846734489e-01
8.720913678160909788e-01
8.720913678160912008e-01
8.719103716475086197e-01
8.715483793103440124e-01
8.715483793103440124e-01
8.719103716475087307e-01
8.722723639846734489e-01
8.729963486590029964e-01
8.735393371647500738e-01
8.742633218390796213e-01
8.748063103448266986e-01
8.749873065134090577e-01
8.749873065134090577e-01
8.749873065134090577e-01
8.748063103448266986e-01
8.746253141762443395e-01
8.746253141762443395e-01
8.746253141762443395e-01
8.746253141762443395e-01
8.746253141762443395e-01
8.748063103448266986e-01
8.748063103448266986e-01
8.749873065134090577e-01
8.753492988505738870e-01
8.758922873563209643e-01
8.762542796934857936e-01
8.769782643678152301e-01
8.775212528735624185e-01
8.777022490421447776e-01
8.780642413793093848e-01
8.786072298850566842e-01
8.789692222222214024e-01
8.793312145593861207e-01
8.798742030651333090e-01
8.800551992337155571e-01
8.800551992337155571e-01
8.800551992337155571e-01
8.800551992337155571e-01
8.798742030651333090e-01
8.800551992337156682e-01
8.800551992337155571e-01
8.800551992337156682e-01
8.802361954022979162e-01
8.804171915708802754e-01
8.802361954022979162e-01
8.802361954022979162e-01
8.805981877394627455e-01
8.804171915708802754e-01
8.804171915708802754e-01
8.804171915708802754e-01
8.804171915708802754e-01
8.804171915708802754e-01
8.805981877394627455e-01
8.809601800766275748e-01
8.811411762452099339e-01
8.809601800766275748e-01
8.809601800766275748e-01
8.809601800766275748e-01
8.809601800766275748e-01
8.811411762452099339e-01
8.816841647509570112e-01
8.816841647509570112e-01
8.820461570881217295e-01
8.822271532567041996e-01
8.824081494252865587e-01
8.824081494252865587e-01
8.824081494252865587e-01
8.822271532567039776e-01
8.820461570881217295e-01
8.818651609195393704e-01
8.815031685823745411e-01
8.815031685823745411e-01
8.815031685823745411e-01
8.813221724137921820e-01
8.811411762452099339e-01
8.815031685823747631e-01
8.816841647509570112e-01
8.822271532567041996e-01
8.822271532567039776e-01
8.822271532567041996e-01
8.824081494252865587e-01
8.820461570881217295e-01
8.815031685823745411e-01
8.815031685823745411e-01
8.815031685823745411e-01
8.811411762452099339e-01
8.816841647509570112e-01
8.816841647509570112e-01
8.822271532567041996e-01
8.829511379310336361e-01
8.834941264367806024e-01
8.831321340996159952e-01
8.834941264367806024e-01
8.833131302681982433e-01
8.827701417624511659e-01
8.824081494252864477e-01
8.824081494252864477e-01
8.818651609195393704e-01
8.818651609195393704e-01
8.818651609195393704e-01
8.818651609195393704e-01
8.816841647509570112e-01
8.820461570881217295e-01
8.816841647509570112e-01
8.815031685823745411e-01
8.816841647509570112e-01
8.816841647509570112e-01
8.813221724137921820e-01
8.815031685823745411e-01
8.815031685823745411e-01
8.815031685823745411e-01
8.822271532567041996e-01
8.825891455938690289e-01
8.827701417624513880e-01
8.833131302681984653e-01
8.833131302681984653e-01
8.831321340996159952e-01
8.833131302681984653e-01
8.834941264367806024e-01
8.834941264367806024e-01
8.836751226053630726e-01
8.836751226053630726e-01
8.836751226053630726e-01
8.838561187739454317e-01
8.838561187739454317e-01
8.842181111111102609e-01
8.845801034482748681e-01
8.849420957854396974e-01
8.851230919540220565e-01
8.854850842911868858e-01
8.856660804597693559e-01
8.860280727969340742e-01
8.860280727969339631e-01
8.863900651340987924e-01
8.869330536398457587e-01
8.869330536398459808e-01
8.867520574712635106e-01
8.869330536398459808e-01
8.867520574712635106e-01
8.867520574712635106e-01
8.869330536398459808e-01
8.869330536398457587e-01
8.872950459770105880e-01
8.872950459770105880e-01
8.872950459770105880e-01
8.874760421455929471e-01
8.878380344827577764e-01
8.880190306513402465e-01
8.885620191570872128e-01
8.887430153256696830e-01
8.889240114942520421e-01
8.892860038314166493e-01
8.892860038314168714e-01
8.896479961685814786e-01
8.898289923371638377e-01
8.901909846743285559e-01
8.900099885057463078e-01
8.903719808429109150e-01
8.901909846743285559e-01
8.900099885057463078e-01
8.896479961685814786e-01
8.896479961685814786e-01
8.898289923371638377e-01
8.898289923371638377e-01
8.898289923371638377e-01
8.900099885057463078e-01
8.905529770114932742e-01
8.901909846743285559e-01
8.901909846743285559e-01
8.905529770114932742e-01
8.910959655172405736e-01
8.910959655172405736e-01
8.914579578544051808e-01
8.914579578544051808e-01
8.916389540229877619e-01
8.910959655172405736e-01
8.910959655172405736e-01
8.910959655172405736e-01
8.910959655172405736e-01
8.910959655172405736e-01
8.914579578544052918e-01
8.914579578544051808e-01
8.914579578544052918e-01
8.918199501915700100e-01
8.918199501915700100e-01
8.918199501915700100e-01
8.918199501915700100e-01
8.918199501915700100e-01
8.918199501915700100e-01
8.918199501915700100e-01
8.918199501915700100e-01
8.918199501915700100e-01
8.918199501915700100e-01
8.918199501915700100e-01
8.921819425287347283e-01
8.921819425287347283e-01
8.921819425287347283e-01
8.921819425287347283e-01
8.923629386973171984e-01
8.923629386973171984e-01
8.923629386973171984e-01
8.923629386973171984e-01
8.923629386973171984e-01
8.925439348658995575e-01
8.921819425287347283e-01
8.921819425287347283e-01
8.921819425287347283e-01
8.920009463601523692e-01
8.912769616858229327e-01
8.910959655172405736e-01
8.907339731800757443e-01
8.905529770114932742e-01
8.905529770114932742e-01
8.907339731800757443e-01
8.907339731800757443e-01
8.909149693486581034e-01
8.909149693486581034e-01
8.909149693486581034e-01
8.910959655172405736e-01
8.909149693486581034e-01
8.910959655172405736e-01
8.909149693486581034e-01
8.912769616858229327e-01
8.912769616858229327e-01
8.916389540229875399e-01
8.916389540229877619e-01
8.920009463601523692e-01
8.916389540229875399e-01
8.916389540229875399e-01
8.916389540229875399e-01
8.916389540229875399e-01
8.916389540229875399e-01
8.916389540229877619e-01
8.914579578544052918e-01
8.912769616858229327e-01
8.907339731800757443e-01
8.907339731800757443e-01
8.907339731800757443e-01
8.909149693486581034e-01
8.910959655172405736e-01
8.914579578544052918e-01
8.912769616858227106e-01
8.912769616858229327e-01
8.910959655172405736e-01
8.909149693486581034e-01
8.909149693486581034e-01
8.909149693486581034e-01
8.907339731800757443e-01
8.910959655172405736e-01
8.910959655172405736e-01
8.910959655172405736e-01
