2.907000000000000139e-01
3.250032236901025939e-01
3.438399801960485558e-01
3.853627144847479591e-01
4.096424179230718221e-01
4.297768061402184592e-01
4.425088457481199389e-01
4.543526035229121240e-01
4.647158915758551889e-01
4.735987099069493556e-01
4.815932464049339501e-01
4.889955950141790519e-01
4.999510709558618315e-01
5.087518781410144131e-01
5.191151661939575890e-01
5.259253269144630316e-01
5.348901563914986168e-01
5.452534444444417927e-01
5.538401688311660465e-01
5.591698598298225908e-01
5.650917387172186279e-01
5.713097115489843558e-01
5.769354964920104800e-01
5.807847177688180151e-01
5.846339390456255503e-01
5.923323815992403985e-01
5.982542604866364355e-01
6.047683272627720763e-01
6.073156073875015659e-01
6.114609226086787919e-01
6.164945196629653124e-01
6.231261518136999022e-01
6.284558428123564466e-01
6.331933459222732763e-01
6.391152248096693134e-01
6.457844767046464485e-01
6.490415100927142689e-01
6.511141677033028818e-01
6.523208088271853500e-01
6.551631047917583217e-01
6.581240442354564513e-01
6.626840968801284149e-01
6.687173024995409776e-01
6.725665237763484017e-01
6.743430874425673238e-01
6.761269678558946561e-01
6.796800951883322783e-01
6.832332225207699006e-01
6.873785377419472375e-01
6.883318652037586638e-01
6.915888985918264842e-01
6.939576501467848990e-01
6.989262015723695098e-01
7.024793289048071321e-01
7.051441744041354598e-01
7.081051138478334783e-01
7.101777714584219803e-01
7.128426169577503080e-01
7.160996503458180173e-01
7.184433080393392013e-01
7.202198717055580124e-01
7.217030792489738111e-01
7.238008307209997660e-01
7.283062074107227168e-01
7.322277910633406828e-01
7.355599246487859455e-01
7.376715466155804313e-01
7.394815083014041335e-01
7.415931302681985082e-01
7.437047522349929940e-01
7.452130536398460237e-01
7.470230153256697259e-01
7.476263358876110710e-01
7.485313167305228665e-01
7.494362975734348842e-01
7.512462592592585864e-01
7.537580758487978372e-01
7.552663772536510889e-01
7.558696978155922119e-01
7.572794648786711491e-01
7.596927471264360854e-01
7.608993882503186645e-01
7.621060293742010217e-01
7.636143307790542734e-01
7.645193116219660689e-01
7.657259527458486481e-01
7.660276130268192096e-01
7.687425555555549295e-01
7.708541775223493042e-01
7.726641392081731174e-01
7.741724406130261471e-01
7.759824022988498493e-01
7.786973448275854581e-01
7.802056462324385988e-01
7.808089667943797219e-01
7.814122873563210669e-01
7.835239093231155527e-01
7.852431499062856313e-01
7.870531115921092224e-01
7.876564321540504565e-01
7.886521340996160978e-01
7.889537943805867704e-01
7.910654163473811451e-01
7.910654163473811451e-01
7.931770383141755199e-01
7.928753780332048473e-01
7.955903205619404561e-01
7.955903205619406782e-01
7.958919808429111287e-01
7.952886602809697836e-01
7.964953014048523627e-01
7.996170829974600380e-01
8.014270446832837402e-01
8.014270446832837402e-01
8.022268467432942529e-01
8.028301673052355980e-01
8.049417892720299728e-01
8.061484303959124409e-01
8.082600523627068156e-01
8.091650332056187223e-01
8.100700140485305178e-01
8.100700140485305178e-01
8.118799757343543311e-01
8.121816360153250036e-01
8.130866168582366882e-01
8.134210935462981018e-01
8.143533244596996568e-01
8.149566450216410018e-01
8.155488329103804945e-01
8.164371147434899001e-01
8.179559672090302991e-01
8.188392643180533170e-01
8.185270529763953862e-01
8.182148416347373443e-01
8.179237324144540411e-01
8.182359437561119719e-01
8.185376040370826445e-01
8.185376040370826445e-01
8.191297919258223592e-01
8.182248110829104526e-01
8.194091868603896600e-01
8.202974686934990656e-01
8.230124112222346744e-01
8.233085051666044762e-01
8.221191446650387702e-01
8.223923916504909393e-01
8.230129928347489354e-01
8.242196339586315146e-01
8.248513678160911411e-01
8.248513678160911411e-01
8.263145569156233883e-01
8.268671988356430802e-01
8.268671988356430802e-01
8.275156317029050967e-01
8.281078195916448115e-01
8.296161209964978411e-01
8.299177812774685137e-01
8.293762720306506742e-01
8.305044028296072467e-01
8.305044028296073577e-01
8.317110439534897148e-01
8.317895542784156104e-01
8.332082126851411141e-01
8.338115332470824592e-01
8.344148538090236933e-01
8.345044968071512193e-01
8.350126080343640567e-01
8.356159285963054018e-01
8.367106613756570832e-01
8.374091912723266029e-01
8.377108515532972755e-01
8.384260804597692962e-01
8.392080202849486747e-01
8.401130011278606924e-01
8.405821479988677680e-01
8.413085095785414191e-01
8.407051890166002961e-01
8.410012829609700979e-01
8.414592971587756542e-01
8.434200464248334805e-01
8.440122343135730842e-01
8.441575406777087620e-01
8.444536346220785639e-01
8.450458225108180565e-01
8.441408416679063720e-01
8.439956204242730076e-01
8.438559655172405138e-01
8.444592860791818589e-01
8.444592860791818589e-01
8.445989409862142416e-01
8.461072423910672713e-01
8.465485575790704376e-01
8.470122232339792889e-01
8.465485575790704376e-01
8.470122232339791779e-01
8.467105629530086164e-01
8.468725683269467952e-01
8.471742286079174677e-01
8.476044111227188926e-01
8.482077316846602377e-01
8.488110522466013608e-01
8.492858505747117315e-01
8.500009943606814389e-01
8.503026546416521114e-01
8.512076354845640180e-01
8.507941519795649832e-01
8.510958122605355447e-01
8.510958122605356557e-01
8.520007931034474513e-01
8.521014836542741833e-01
8.524031439352448558e-01
8.527048042162155284e-01
8.532074342273299195e-01
8.520007931034475623e-01
8.520959173176733126e-01
8.520959173176733126e-01
8.539058790034971258e-01
8.542019729478669277e-01
8.551069537907788343e-01
8.554086140717495068e-01
8.559223767560656393e-01
8.556207164750949667e-01
8.556207164750949667e-01
8.554030477351486361e-01
8.554814729395721074e-01
8.558559920883652694e-01
8.557720005473411495e-01
8.544869342190350991e-01
8.520007931034475623e-01
8.513974725415062172e-01
8.520007931034475623e-01
8.544869342190350991e-01
8.544869342190350991e-01
8.541852739380644266e-01
8.535090945083005920e-01
8.547885945000057717e-01
8.547885945000057717e-01
8.553919150619470058e-01
8.559841029506864984e-01
8.574924043555397501e-01
8.577940646365102006e-01
8.577323384418892305e-01
8.586373192848011371e-01
8.592967997047625817e-01
8.592967997047625817e-01
8.586934791428212366e-01
8.589389795657718096e-01
8.592967997047625817e-01
8.599507137881232666e-01
8.590457329452112489e-01
8.592912333681615999e-01
8.592912333681618220e-01
8.601962142110736176e-01
8.601962142110736176e-01
8.592406398467423712e-01
8.592912333681618220e-01
8.592912333681615999e-01
8.598945539301029450e-01
8.595423001277131547e-01
8.595928936491324945e-01
8.607995347730149627e-01
8.620061758968974308e-01
8.616539220945074184e-01
8.610956287173846535e-01
8.598889875935021854e-01
8.598889875935021854e-01
8.607489412515955118e-01
8.616933829427252389e-01
8.626378246338547440e-01
8.623361643528840714e-01
8.622967035046663620e-01
8.628605632183899976e-01
8.625983637856369235e-01
8.632016843475781576e-01
8.626378246338547440e-01
8.619950432236956894e-01
8.620233713987118795e-01
8.613805899885528250e-01
8.626155592874513722e-01
8.622855708314647316e-01
8.635205401303632788e-01
8.631905516743766382e-01
8.640955325172884338e-01
8.640955325172884338e-01
8.650005133602003404e-01
8.646988530792296679e-01
8.652738454661550449e-01
8.652738454661549339e-01
8.661848891376795478e-01
8.664981785838637984e-01
8.662192801413083343e-01
8.656098967507542818e-01
8.652966073045701423e-01
8.655755057471256064e-01
8.655755057471256064e-01
8.655755057471256064e-01
8.661848891376795478e-01
8.664865494186502204e-01
8.670898699805914545e-01
8.670838071519787471e-01
8.682798120946714215e-01
8.688831326566127666e-01
8.694864532185540007e-01
8.691954291187731219e-01
8.691954291187731219e-01
8.691903592741841988e-01
8.685931015408557831e-01
8.679958438075271454e-01
8.674036559187875417e-01
8.682919377518970583e-01
8.691802195850062418e-01
8.703645953624855602e-01
8.703645953624855602e-01
8.706606893068554731e-01
8.706606893068552511e-01
8.712528771955949658e-01
8.712528771955949658e-01
8.715489711399646566e-01
8.715489711399647677e-01
8.715651736577553210e-01
8.715651736577553210e-01
8.715651736577553210e-01
8.706601928148435254e-01
8.703803013882641659e-01
8.697987496807142449e-01
8.704020702426555900e-01
8.704020702426555900e-01
8.707037305236261515e-01
8.707037305236261515e-01
8.707037305236262625e-01
8.715758098389451147e-01
8.727495494352345284e-01
8.730512097162052010e-01
8.724590218274655973e-01
8.715707399943561917e-01
8.712528771955949658e-01
8.709729857690157173e-01
8.709891882868062707e-01
8.710053908045968241e-01
8.709891882868062707e-01
8.709891882868062707e-01
8.709891882868062707e-01
8.710053908045968241e-01
8.713070510855674966e-01
8.716087113665381692e-01
8.719103716475087307e-01
8.722120319284792922e-01
8.725136922094499647e-01
8.721958294106887388e-01
8.715763063309570624e-01
8.712746460499863899e-01
8.718941691297180663e-01
8.725136922094499647e-01
8.728153524904206373e-01
8.719103716475086197e-01
8.713070510855674966e-01
8.707037305236262625e-01
8.716087113665381692e-01
8.722120319284792922e-01
8.722120319284792922e-01
8.722120319284792922e-01
8.719103716475086197e-01
8.722120319284792922e-01
8.719103716475087307e-01
8.719103716475087307e-01
8.719103716475087307e-01
8.725136922094499647e-01
8.731170127713911988e-01
8.737203333333324329e-01
8.737203333333324329e-01
8.737203333333324329e-01
8.737203333333324329e-01
8.737203333333324329e-01
8.737203333333324329e-01
8.737203333333324329e-01
8.737203333333324329e-01
8.737203333333324329e-01
8.740219936143031054e-01
8.743236538952737780e-01
8.749269744572149010e-01
8.755302950191562461e-01
8.764352758620681527e-01
8.770385964240093868e-01
8.767369361430387142e-01
8.767369361430387142e-01
8.764352758620681527e-01
8.764352758620681527e-01
8.758319553001268076e-01
8.758319553001268076e-01
8.749269744572151231e-01
8.754751281451600420e-01
8.757216215521342884e-01
8.763249421140755224e-01
8.754751281451600420e-01
8.740219936143031054e-01
8.743236538952737780e-01
8.737203333333325439e-01
8.743236538952737780e-01
8.740219936143031054e-01
8.746253141762443395e-01
8.746253141762443395e-01
8.760673160338995347e-01
8.760673160338994236e-01
8.766706365958407687e-01
8.758319553001268076e-01
8.764352758620681527e-01
8.764352758620681527e-01
8.772739571577821138e-01
8.772739571577821138e-01
8.772739571577821138e-01
8.764352758620681527e-01
8.764352758620681527e-01
8.764352758620681527e-01
8.772739571577821138e-01
8.781126384534959639e-01
8.793192795773784320e-01
8.796872394055470501e-01
8.796872394055469391e-01
8.793192795773784320e-01
8.793192795773784320e-01
8.793855791245763776e-01
8.794518786717743231e-01
8.790839188436058160e-01
8.790176192964079815e-01
8.789513197492099250e-01
8.789513197492099250e-01
8.787159590154370870e-01
8.793081469041768017e-01
8.799777670133158702e-01
8.799777670133160923e-01
8.799777670133160923e-01
8.796761067323454197e-01
8.807997492992275523e-01
8.805755212386564557e-01
8.810958432435972432e-01
8.810958432435972432e-01
8.816991638055385883e-01
8.817821623625389238e-01
8.815635006385686978e-01
8.814805020815682512e-01
8.805092216914585102e-01
8.805092216914585102e-01
8.802905599674882842e-01
8.808827478562278879e-01
8.811844081371985604e-01
8.811069759167988735e-01
8.802794272942867648e-01
8.799003347929165164e-01
8.790727861704041857e-01
8.790727861704041857e-01
8.794518786717743231e-01
8.794518786717744341e-01
8.802794272942865428e-01
8.796042408485466035e-01
8.804317894710589343e-01
8.804317894710589343e-01
8.804317894710589343e-01
8.808108819724291827e-01
8.805147880280593808e-01
8.805147880280593808e-01
8.798396015823193306e-01
8.793081469041768017e-01
8.793081469041768017e-01
8.793800127879755069e-01
8.799114674661181468e-01
8.799114674661180358e-01
8.798396015823193306e-01
8.798396015823193306e-01
8.798396015823193306e-01
8.787048263422355676e-01
8.787048263422355676e-01
8.787048263422355676e-01
8.804317894710589343e-01
8.810239773597986490e-01
8.804925226816560091e-01
8.784638992718619699e-01
8.769834295500130716e-01
8.778109781725254024e-01
8.795435076379495287e-01
8.802019950738871890e-01
8.802019950738871890e-01
8.790727861704041857e-01
8.784142987344666365e-01
8.781182047900969456e-01
8.789513197492099250e-01
8.798396015823193306e-01
8.799114674661181468e-01
8.799114674661181468e-01
8.796153735217483449e-01
8.795435076379495287e-01
8.792474136935797269e-01
8.789513197492099250e-01
8.783591318604703213e-01
8.780630379161005195e-01
8.780630379161005195e-01
8.786552258048402342e-01
8.786552258048402342e-01
8.798396015823192196e-01
8.795435076379495287e-01
8.798396015823192196e-01
