2.907000000000000139e-01
3.537025038314175474e-01
3.870714099616857085e-01
4.507926194125158048e-01
4.791486858237545832e-01
5.008682260536395647e-01
5.165545606641120946e-01
5.304309335887609222e-01
5.406873831417621235e-01
5.509438326947634357e-01
5.587869999999997006e-01
5.666301673052359655e-01
5.738700140485309964e-01
5.814115210727965888e-01
5.889530280970621812e-01
5.955895542784159780e-01
6.019244201787991022e-01
6.076559655172409924e-01
6.127841902937415375e-01
6.176107547892716321e-01
6.230406398467428497e-01
6.290738454661553014e-01
6.345037305236266301e-01
6.399336155810978477e-01
6.444585197956572697e-01
6.492850842911872533e-01
6.535083282247761138e-01
6.583348927203059864e-01
6.631614572158359699e-01
6.673847011494246084e-01
6.707029642401015623e-01
6.740212273307785162e-01
6.776411507024260317e-01
6.821660549169853427e-01
6.854843180076622966e-01
6.894059016602803736e-01
6.927241647509573275e-01
6.969474086845459659e-01
7.002656717752229198e-01
7.038855951468704353e-01
7.066005376756060441e-01
7.090138199233709804e-01
7.111254418901653551e-01
7.135387241379304024e-01
7.162536666666660112e-01
7.189686091954016200e-01
7.216835517241372289e-01
7.250018148148141828e-01
7.274150970625791190e-01
7.298283793103442774e-01
7.313366807151973070e-01
7.334483026819916818e-01
7.352582643678154950e-01
7.370682260536391972e-01
7.385765274584922269e-01
7.403864891443160401e-01
7.415931302681985082e-01
7.434030919540223215e-01
7.452130536398460237e-01
7.467213550446992754e-01
7.482296564495523050e-01
7.488329770114936501e-01
7.503412784163466798e-01
7.515479195402292589e-01
7.533578812260529611e-01
7.551678429118767744e-01
7.557711634738178974e-01
7.572794648786711491e-01
7.587877662835241788e-01
7.608993882503186645e-01
7.618043690932304601e-01
7.627093499361423667e-01
7.639159910600247239e-01
7.648209719029367415e-01
7.654242924648779756e-01
7.663292733077898822e-01
7.675359144316723503e-01
7.687425555555548184e-01
7.693458761174961635e-01
7.708541775223491932e-01
7.720608186462317724e-01
7.732674597701142405e-01
7.732674597701142405e-01
7.729657994891435679e-01
7.732674597701142405e-01
7.741724406130261471e-01
7.753790817369085042e-01
7.768873831417616449e-01
7.777923639846736625e-01
7.786973448275854581e-01
7.799039859514680373e-01
7.811106270753503944e-01
7.829205887611742076e-01
7.832222490421448802e-01
7.835239093231155527e-01
7.835239093231155527e-01
7.841272298850566758e-01
7.841272298850566758e-01
7.850322107279685824e-01
7.850322107279685824e-01
7.874454929757336297e-01
7.886521340996162088e-01
7.907637560664104726e-01
7.910654163473811451e-01
7.910654163473811451e-01
7.910654163473811451e-01
7.916687369093223792e-01
7.928753780332048473e-01
7.940820191570873154e-01
7.952886602809700056e-01
7.967969616858230353e-01
7.986069233716467375e-01
7.989085836526174100e-01
7.980036028097056144e-01
7.983052630906760649e-01
7.992102439335879716e-01
8.007185453384412233e-01
8.007185453384412233e-01
8.010202056194116738e-01
8.019251864623235804e-01
8.022268467432942529e-01
8.025285070242649255e-01
8.028301673052355980e-01
8.034334878671768321e-01
8.040368084291180661e-01
8.049417892720299728e-01
8.058467701149417683e-01
8.076567318007654706e-01
8.079583920817361431e-01
8.091650332056187223e-01
8.094666934865891728e-01
8.097683537675598453e-01
8.097683537675598453e-01
8.094666934865891728e-01
8.103716743295010794e-01
8.103716743295011904e-01
8.103716743295011904e-01
8.106733346104717519e-01
8.121816360153250036e-01
8.133882771392073607e-01
8.142932579821192673e-01
8.139915977011487058e-01
8.154998991060017355e-01
8.164048799489136421e-01
8.176115210727961102e-01
8.176115210727961102e-01
8.176115210727961102e-01
8.176115210727961102e-01
8.179131813537666718e-01
8.188181621966786894e-01
8.197231430395905960e-01
8.197231430395905960e-01
8.194214827586199235e-01
8.203264636015318301e-01
8.218347650063849708e-01
8.230414061302674389e-01
8.230414061302674389e-01
8.236447266922085619e-01
8.248513678160911411e-01
8.263596692209441708e-01
8.266613295019148433e-01
8.269629897828855158e-01
8.269629897828855158e-01
8.272646500638561884e-01
8.275663103448267499e-01
8.278679706257974225e-01
8.284712911877386565e-01
8.287729514687093291e-01
8.299795925925917972e-01
8.311862337164742653e-01
8.320912145593861720e-01
8.326945351213274060e-01
8.339011762452099852e-01
8.348061570881216698e-01
8.348061570881218918e-01
8.345044968071512193e-01
8.348061570881216698e-01
8.357111379310336874e-01
8.372194393358868281e-01
8.378227598978281732e-01
8.387277407407399688e-01
8.384260804597692962e-01
8.390294010217105303e-01
8.384260804597692962e-01
8.393310613026812028e-01
8.387277407407398577e-01
8.399343818646224369e-01
8.399343818646224369e-01
8.408393627075342325e-01
8.414426832694755776e-01
8.414426832694755776e-01
8.420460038314168116e-01
8.417443435504461391e-01
8.426493243933580457e-01
8.432526449552991687e-01
8.432526449552991687e-01
8.432526449552993908e-01
8.432526449552991687e-01
8.441576257982111864e-01
8.447609463601524205e-01
8.447609463601524205e-01
8.450626066411230930e-01
8.444592860791817479e-01
8.456659272030643271e-01
8.462692477650054501e-01
8.468725683269467952e-01
8.468725683269467952e-01
8.465709080459761227e-01
8.471742286079173567e-01
8.471742286079173567e-01
8.474758888888880293e-01
8.474758888888880293e-01
8.480792094508293744e-01
8.483808697318000469e-01
8.489841902937412810e-01
8.489841902937410589e-01
8.486825300127706084e-01
8.483808697317999359e-01
8.480792094508293744e-01
8.486825300127706084e-01
8.489841902937410589e-01
8.495875108556824040e-01
8.498891711366530766e-01
8.501908314176237491e-01
8.501908314176237491e-01
8.501908314176237491e-01
8.504924916985944217e-01
8.507941519795649832e-01
8.510958122605355447e-01
8.510958122605355447e-01
8.510958122605355447e-01
8.510958122605355447e-01
8.510958122605355447e-01
8.513974725415062172e-01
8.513974725415062172e-01
8.513974725415062172e-01
8.510958122605355447e-01
8.510958122605355447e-01
8.510958122605355447e-01
8.513974725415062172e-01
8.526041136653886854e-01
8.532074342273299195e-01
8.538107547892712645e-01
8.535090945083005920e-01
8.544140753512124986e-01
8.550173959131536217e-01
8.553190561941242942e-01
8.565256973180068734e-01
8.568273575989774349e-01
8.571290178799481074e-01
8.559223767560656393e-01
8.565256973180068734e-01
8.574306781609187800e-01
8.589389795657718096e-01
8.595423001277131547e-01
8.598439604086837162e-01
8.592406398467424822e-01
8.589389795657718096e-01
8.592406398467424822e-01
8.598439604086837162e-01
8.604472809706248393e-01
8.613522618135367459e-01
8.622572426564487635e-01
8.622572426564487635e-01
8.616539220945074184e-01
8.610506015325661844e-01
8.610506015325661844e-01
8.610506015325661844e-01
8.610506015325661844e-01
8.610506015325661844e-01
8.610506015325661844e-01
8.607489412515955118e-01
8.604472809706248393e-01
8.601456206896542778e-01
8.604472809706248393e-01
8.613522618135368569e-01
8.619555823754780910e-01
8.622572426564487635e-01
8.619555823754780910e-01
8.622572426564487635e-01
8.625589029374193251e-01
8.628605632183899976e-01
8.631622234993606702e-01
8.634638837803311207e-01
8.631622234993604481e-01
8.631622234993606702e-01
8.625589029374193251e-01
8.631622234993606702e-01
8.625589029374193251e-01
8.628605632183899976e-01
8.625589029374194361e-01
8.631622234993606702e-01
8.634638837803311207e-01
8.640672043422723547e-01
8.643688646232430273e-01
8.643688646232430273e-01
8.640672043422724657e-01
8.640672043422724657e-01
8.643688646232430273e-01
8.652738454661550449e-01
8.658771660280962790e-01
8.658771660280962790e-01
8.658771660280962790e-01
8.658771660280962790e-01
8.658771660280962790e-01
8.658771660280962790e-01
8.652738454661550449e-01
8.652738454661550449e-01
8.643688646232430273e-01
8.643688646232430273e-01
8.640672043422723547e-01
8.646705249042136998e-01
8.649721851851843724e-01
8.649721851851843724e-01
8.649721851851843724e-01
8.643688646232430273e-01
8.655755057471256064e-01
8.661788263090667295e-01
8.670838071519787471e-01
8.661788263090667295e-01
8.658771660280962790e-01
8.658771660280962790e-01
8.661788263090669515e-01
8.661788263090669515e-01
8.661788263090669515e-01
8.661788263090667295e-01
8.667821468710080746e-01
8.667821468710080746e-01
8.676871277139199812e-01
8.676871277139199812e-01
8.676871277139199812e-01
8.676871277139199812e-01
8.676871277139199812e-01
8.682904482758612152e-01
8.682904482758612152e-01
8.679887879948905427e-01
8.673854674329493086e-01
8.667821468710080746e-01
8.664804865900375130e-01
8.664804865900375130e-01
8.664804865900375130e-01
8.664804865900375130e-01
8.667821468710080746e-01
8.670838071519787471e-01
8.670838071519786361e-01
8.676871277139199812e-01
8.676871277139199812e-01
8.679887879948906537e-01
8.673854674329493086e-01
8.673854674329493086e-01
8.673854674329493086e-01
8.673854674329493086e-01
8.673854674329493086e-01
8.682904482758612152e-01
8.685921085568318878e-01
8.685921085568318878e-01
8.676871277139198702e-01
8.673854674329493086e-01
8.673854674329493086e-01
8.673854674329493086e-01
8.670838071519787471e-01
8.670838071519787471e-01
8.673854674329493086e-01
8.679887879948905427e-01
8.685921085568318878e-01
8.691954291187730108e-01
8.697987496807142449e-01
8.697987496807142449e-01
8.697987496807142449e-01
8.701004099616849174e-01
8.704020702426555900e-01
8.704020702426555900e-01
8.701004099616849174e-01
8.701004099616849174e-01
8.697987496807142449e-01
8.697987496807142449e-01
8.694970893997436834e-01
8.694970893997436834e-01
8.691954291187731219e-01
8.691954291187731219e-01
8.691954291187731219e-01
8.691954291187731219e-01
8.694970893997436834e-01
8.697987496807142449e-01
8.701004099616849174e-01
8.697987496807143559e-01
8.694970893997436834e-01
8.701004099616850285e-01
8.704020702426555900e-01
8.707037305236262625e-01
8.707037305236261515e-01
8.710053908045968241e-01
8.716087113665379471e-01
8.716087113665381692e-01
8.719103716475087307e-01
8.719103716475087307e-01
8.719103716475087307e-01
8.719103716475087307e-01
8.719103716475087307e-01
8.722120319284792922e-01
8.725136922094499647e-01
8.728153524904206373e-01
8.722120319284792922e-01
8.722120319284792922e-01
8.722120319284792922e-01
8.731170127713911988e-01
8.731170127713913098e-01
8.731170127713911988e-01
8.728153524904206373e-01
8.728153524904206373e-01
8.734186730523618714e-01
8.734186730523618714e-01
8.734186730523618714e-01
8.728153524904206373e-01
8.728153524904206373e-01
8.734186730523618714e-01
8.746253141762444505e-01
8.752286347381855736e-01
8.755302950191561351e-01
8.755302950191561351e-01
8.755302950191562461e-01
8.755302950191562461e-01
8.749269744572149010e-01
8.749269744572149010e-01
8.746253141762443395e-01
8.749269744572149010e-01
8.755302950191562461e-01
8.758319553001268076e-01
8.764352758620681527e-01
8.767369361430387142e-01
8.773402567049799483e-01
8.779435772669211824e-01
8.779435772669211824e-01
8.779435772669211824e-01
8.776419169859505098e-01
8.779435772669211824e-01
8.779435772669211824e-01
8.776419169859505098e-01
8.773402567049799483e-01
8.773402567049799483e-01
8.773402567049799483e-01
8.770385964240093868e-01
8.770385964240093868e-01
8.770385964240093868e-01
8.773402567049799483e-01
8.773402567049799483e-01
8.770385964240093868e-01
8.767369361430388253e-01
8.764352758620681527e-01
8.767369361430387142e-01
8.767369361430387142e-01
8.770385964240093868e-01
8.770385964240093868e-01
8.770385964240093868e-01
8.770385964240093868e-01
8.764352758620681527e-01
8.764352758620681527e-01
8.764352758620681527e-01
8.770385964240093868e-01
8.773402567049799483e-01
8.773402567049799483e-01
8.773402567049799483e-01
8.773402567049799483e-01
8.773402567049799483e-01
8.773402567049799483e-01
8.770385964240093868e-01
8.767369361430388253e-01
8.764352758620681527e-01
8.764352758620681527e-01
8.764352758620681527e-01
8.764352758620681527e-01
8.764352758620681527e-01
8.764352758620681527e-01
8.770385964240093868e-01
8.770385964240093868e-01
8.770385964240093868e-01
8.764352758620681527e-01
8.770385964240094978e-01
8.767369361430388253e-01
8.764352758620681527e-01
8.755302950191562461e-01
8.755302950191562461e-01
8.752286347381855736e-01
8.752286347381855736e-01
8.752286347381855736e-01
8.752286347381855736e-01
8.752286347381855736e-01
8.752286347381855736e-01
8.755302950191562461e-01
8.755302950191562461e-01
8.755302950191562461e-01
8.755302950191562461e-01
8.755302950191562461e-01
8.755302950191562461e-01
8.758319553001268076e-01
8.761336155810974802e-01
8.764352758620681527e-01
8.761336155810974802e-01
8.761336155810974802e-01
8.761336155810974802e-01
