2.907000000000000139e-01
4.256899999999999573e-01
4.530666666666668951e-01
4.707933333333332304e-01
5.036866666666665049e-01
5.363766666666666127e-01
5.557666666666661870e-01
5.655366666666665765e-01
5.739299999999999402e-01
5.822166666666664936e-01
5.954966666666664521e-01
6.054299999999999127e-01
6.130166666666665432e-01
6.201633333333330667e-01
6.256466666666665732e-01
6.313366666666664351e-01
6.381066666666665999e-01
6.429500000000000215e-01
6.480966666666666542e-01
6.527833333333332710e-01
6.591966666666666530e-01
6.639766666666666595e-01
6.682366666666667010e-01
6.725233333333332508e-01
6.777533333333333188e-01
6.816966666666666175e-01
6.851599999999999913e-01
6.902566666666667405e-01
6.943166666666668041e-01
6.997533333333334493e-01
7.035666666666668956e-01
7.064566666666668437e-01
7.095400000000002816e-01
7.118566666666670262e-01
7.148433333333337192e-01
7.176433333333336329e-01
7.209866666666671087e-01
7.224300000000005717e-01
7.261000000000005228e-01
7.290866666666672158e-01
7.332466666666671573e-01
7.363466666666670379e-01
7.385433333333337735e-01
7.410700000000005616e-01
7.447100000000005382e-01
7.471533333333338911e-01
7.491066666666672536e-01
7.512166666666671988e-01
7.542433333333338208e-01
7.561266666666672798e-01
7.588233333333339603e-01
7.606066666666674303e-01
7.626166666666674976e-01
7.639000000000008006e-01
7.658633333333340065e-01
7.678300000000006786e-01
7.693633333333340651e-01
7.709733333333339544e-01
7.726400000000005486e-01
7.744000000000004214e-01
7.758700000000005037e-01
7.788700000000002843e-01
7.808800000000002406e-01
7.827366666666667472e-01
7.850133333333334518e-01
7.853366666666669049e-01
7.867466666666668162e-01
7.893933333333333913e-01
7.897733333333332162e-01
7.911866666666665937e-01
7.928633333333332533e-01
7.942600000000000771e-01
7.957566666666664457e-01
7.968033333333330859e-01
7.980166666666664854e-01
7.995833333333329795e-01
8.009133333333328109e-01
8.025799999999994050e-01
8.031966666666660037e-01
8.052833333333324628e-01
8.054033333333324718e-01
8.060999999999988175e-01
8.074966666666651971e-01
8.088799999999987111e-01
8.101299999999987955e-01
8.108033333333319881e-01
8.116533333333317835e-01
8.127166666666648664e-01
8.139666666666651729e-01
8.144933333333319592e-01
8.154799999999985394e-01
8.147366666666653323e-01
8.153133333333322241e-01
8.161599999999989974e-01
8.170466666666655886e-01
8.190233333333319932e-01
8.200699999999988554e-01
8.206933333333320535e-01
8.220799999999987007e-01
8.230099999999987981e-01
8.221299999999990282e-01
8.226466666666657490e-01
8.233499999999992491e-01
8.246133333333323101e-01
8.241266666666656748e-01
8.245799999999988694e-01
8.251566666666657612e-01
8.252666666666660378e-01
8.252999999999995895e-01
8.254733333333329481e-01
8.263799999999993373e-01
8.266966666666661911e-01
8.272166666666663781e-01
8.277299999999996327e-01
8.284866666666663715e-01
8.292066666666665364e-01
8.304166666666669139e-01
8.311433333333340112e-01
8.313266666666673244e-01
8.321466666666670342e-01
8.321033333333337501e-01
8.338333333333338704e-01
8.342766666666672215e-01
8.348400000000002485e-01
8.348166666666670954e-01
8.353033333333338417e-01
8.360833333333336226e-01
8.369433333333338165e-01
8.371366666666674172e-01
8.375600000000005263e-01
8.390133333333338328e-01
8.389333333333335307e-01
8.389200000000002211e-01
8.386933333333336238e-01
8.398033333333335682e-01
8.402066666666669903e-01
8.413133333333334685e-01
8.415233333333332899e-01
8.430666666666667419e-01
8.438966666666668504e-01
8.444400000000001905e-01
8.454100000000001058e-01
8.458866666666670087e-01
8.464833333333335874e-01
8.469100000000001627e-01
8.477033333333333642e-01
8.484533333333327265e-01
8.490466666666658391e-01
8.499199999999992317e-01
8.504799999999997917e-01
8.511899999999996691e-01
8.515799999999994485e-01
8.522666666666661728e-01
8.526266666666661997e-01
8.532433333333325765e-01
8.535633333333326744e-01
8.536899999999992827e-01
8.540699999999991077e-01
8.547199999999989251e-01
8.546499999999994657e-01
8.550166666666664250e-01
8.557199999999994811e-01
8.564466666666665784e-01
8.568833333333329971e-01
8.570833333333335302e-01
8.571566666666664558e-01
8.570899999999994634e-01
8.579933333333324974e-01
8.583266666666660161e-01
8.586266666666659830e-01
8.588799999999991996e-01
8.594566666666660915e-01
8.601199999999996626e-01
8.603633333333330357e-01
8.599433333333327267e-01
8.603733333333328792e-01
8.601433333333337039e-01
8.605400000000003047e-01
8.606600000000005357e-01
8.607266666666665289e-01
8.611366666666668834e-01
8.614066666666673200e-01
8.617100000000003091e-01
8.624300000000004740e-01
8.628966666666675334e-01
8.631600000000010375e-01
8.629066666666678209e-01
8.631666666666679699e-01
8.633200000000016416e-01
8.637066666666678438e-01
8.646133333333343440e-01
8.653233333333351096e-01
8.657833333333343484e-01
8.666766666666679830e-01
8.670866666666673384e-01
8.677300000000012226e-01
8.680866666666683384e-01
8.684566666666683199e-01
8.689600000000012869e-01
8.692333333333341905e-01
8.695866666666679512e-01
8.694033333333341940e-01
8.691266666666668250e-01
8.690533333333330113e-01
8.695699999999997321e-01
8.695266666666668920e-01
8.697566666666659563e-01
8.698133333333326611e-01
8.698766666666651881e-01
8.703066666666653406e-01
8.700999999999984302e-01
8.702399999999983482e-01
8.707833333333316883e-01
8.710833333333312112e-01
8.713133333333312747e-01
8.715699999999979575e-01
8.724233333333312190e-01
8.728533333333312605e-01
8.733733333333304483e-01
8.739133333333304332e-01
8.739599999999967395e-01
8.737533333333298291e-01
8.740966666666631912e-01
8.738466666666634408e-01
8.735166666666638324e-01
8.731366666666635634e-01
8.731399999999970296e-01
8.732966666666641675e-01
8.733799999999973807e-01
8.734766666666644586e-01
8.731766666666639365e-01
8.738366666666640414e-01
8.743899999999977801e-01
8.752433333333319299e-01
8.757733333333325154e-01
8.760899999999982590e-01
8.764899999999983260e-01
8.765466666666649198e-01
8.768966666666652143e-01
8.766833333333323708e-01
8.769133333333324343e-01
8.776133333333320241e-01
8.773433333333324757e-01
8.774466666666663750e-01
8.770333333333326653e-01
8.767433333333324308e-01
8.761433333333324969e-01
8.763099999999989231e-01
8.763999999999990687e-01
8.762499999999988631e-01
8.760699999999995713e-01
8.762199999999997768e-01
8.762433333333338181e-01
8.767200000000002769e-01
8.775700000000000722e-01
8.783899999999997821e-01
8.788566666666668414e-01
8.789366666666665884e-01
8.789266666666663008e-01
8.792466666666665098e-01
8.800266666666668458e-01
8.797933333333333161e-01
8.796333333333327120e-01
8.797666666666656976e-01
8.799299999999987687e-01
8.800199999999989142e-01
8.800299999999993128e-01
8.802433333333330445e-01
8.805400000000001004e-01
8.811933333333333840e-01
8.817566666666664110e-01
8.811599999999998323e-01
8.813599999999998102e-01
8.815733333333326538e-01
8.824333333333328477e-01
8.831699999999993445e-01
8.842199999999991178e-01
8.843599999999990358e-01
8.843766666666662557e-01
8.847433333333327710e-01
8.852966666666655104e-01
8.855799999999988126e-01
8.859333333333315741e-01
8.859133333333317761e-01
8.860733333333314921e-01
8.861699999999984589e-01
8.862399999999979183e-01
8.862466666666648507e-01
8.863699999999984369e-01
8.866366666666645191e-01
8.866799999999973592e-01
8.865833333333312805e-01
8.869933333333316350e-01
8.866566666666642060e-01
8.867733333333309709e-01
8.869133333333308888e-01
8.870399999999970531e-01
8.873333333333306427e-01
8.873299999999962884e-01
8.872133333333295235e-01
8.873066666666640234e-01
8.876266666666642324e-01
8.879133333333300016e-01
8.876266666666642324e-01
8.876599999999986723e-01
8.872533333333326722e-01
8.868399999999998506e-01
8.866066666666664320e-01
8.864500000000001823e-01
8.867300000000000182e-01
8.868333333333330293e-01
8.867733333333328583e-01
8.866699999999989590e-01
8.868133333333313439e-01
8.868733333333315150e-01
8.866833333333318246e-01
8.864666666666655148e-01
8.868199999999991645e-01
8.871499999999987729e-01
8.870366666666654742e-01
8.876166666666658323e-01
8.883166666666663103e-01
8.885166666666672874e-01
8.886300000000005861e-01
8.886200000000011867e-01
8.885600000000011267e-01
8.887766666666683246e-01
8.885866666666667468e-01
8.885700000000004151e-01
8.886266666666661207e-01
8.887166666666643788e-01
8.889299999999972224e-01
8.888133333333314567e-01
8.888233333333308561e-01
8.887333333333307106e-01
8.891499999999969983e-01
8.896299999999958130e-01
8.897499999999960441e-01
8.899466666666626669e-01
8.892733333333296963e-01
8.890833333333300059e-01
8.893633333333298419e-01
8.891399999999975989e-01
8.890533333333318078e-01
8.892566666666652520e-01
8.893999999999986361e-01
8.894799999999974949e-01
8.892766666666640507e-01
8.892099999999970583e-01
8.891899999999982596e-01
8.887266666666656656e-01
8.883133333333319559e-01
8.881933333333317249e-01
8.880899999999997130e-01
8.878599999999986503e-01
8.881099999999985117e-01
8.881633333333316394e-01
8.884399999999990083e-01
8.886333333333330531e-01
8.886366666666674075e-01
8.887400000000014177e-01
8.890100000000018543e-01
8.891933333333346123e-01
8.893966666666680565e-01
8.896433333333334526e-01
8.899166666666663561e-01
8.897633333333335726e-01
8.899999999999995692e-01
8.902166666666649908e-01
8.910433333333325212e-01
8.912233333333328122e-01
8.912966666666667370e-01
8.915066666666670026e-01
8.914233333333337894e-01
8.912433333333334984e-01
8.914866666666664274e-01
8.918933333333333158e-01
8.918599999999988759e-01
8.919333333333326896e-01
8.918099999999981042e-01
8.918466666666650111e-01
8.923599999999983767e-01
8.925333333333317354e-01
8.928533333333310562e-01
8.935033333333308736e-01
8.937933333333318853e-01
8.938899999999989632e-01
8.940866666666654750e-01
8.937866666666650639e-01
8.938666666666639227e-01
8.936233333333309936e-01
8.935799999999971543e-01
8.936299999999979260e-01
8.940199999999985936e-01
8.944333333333323033e-01
8.941599999999993997e-01
8.943900000000003514e-01
8.943900000000003514e-01
8.946266666666683465e-01
8.947833333333334860e-01
8.950900000000009404e-01
8.949899999999995082e-01
8.949299999999993371e-01
8.951233333333316056e-01
8.951899999999984869e-01
8.952266666666655048e-01
8.952599999999999447e-01
8.954300000000008364e-01
8.949966666666682169e-01
8.952900000000018066e-01
8.954833333333340750e-01
8.952933333333343846e-01
8.953433333333331579e-01
8.955533333333335344e-01
8.953366666666682239e-01
8.951533333333353548e-01
8.948466666666680114e-01
8.945733333333351078e-01
8.948200000000023913e-01
8.949433333333369767e-01
8.953866666666707719e-01
8.953033333333375587e-01
8.954166666666708574e-01
8.953366666666701112e-01
8.951066666666709359e-01
8.953366666666701112e-01
8.954033333333352163e-01
8.952700000000031189e-01
8.951233333333353803e-01
8.950533333333358099e-01
8.947566666666678659e-01
8.948966666666687830e-01
8.950666666666677873e-01
8.954133333333345046e-01
8.954400000000021231e-01
8.953333333333356459e-01
8.953500000000019776e-01
8.957233333333344261e-01
8.963466666666666249e-01
8.966633333333333677e-01
8.967933333333329982e-01
8.969466666666657817e-01
8.967633333333329126e-01
8.966166666666651741e-01
8.965433333333313604e-01
8.964833333333311893e-01
8.965133333333312748e-01
8.965599999999975811e-01
8.965833333333307342e-01
8.965599999999975811e-01
8.963566666666641369e-01
8.963899999999985768e-01
8.961999999999988864e-01
8.963266666666659388e-01
8.962966666666659643e-01
8.961200000000000276e-01
8.961266666666669600e-01
8.960800000000006538e-01
8.961100000000006283e-01
8.959366666666672696e-01
8.960366666666687019e-01
8.959900000000023956e-01
8.960866666666693625e-01
8.960100000000029707e-01
8.959833333333354632e-01
8.958933333333353177e-01
8.957633333333357983e-01
8.957500000000038209e-01
8.956900000000037609e-01
8.955733333333379953e-01
8.956400000000049877e-01
8.955400000000054428e-01
8.957633333333395731e-01
8.958900000000066255e-01
8.959866666666737034e-01
8.958666666666734724e-01
8.957933333333414350e-01
8.955333333333422852e-01
8.954100000000076998e-01
8.955000000000078453e-01
8.956633333333400282e-01
8.954700000000059834e-01
8.955666666666710629e-01
8.954700000000040960e-01
8.955300000000041560e-01
8.956333333333380553e-01
8.958100000000058794e-01
8.960166666666717905e-01
8.959833333333392380e-01
8.961733333333389284e-01
8.958800000000053387e-01
8.957000000000050477e-01
8.956900000000056483e-01
8.952866666666731144e-01
8.952866666666731144e-01
8.954800000000072702e-01
8.955933333333405688e-01
8.954400000000058979e-01
8.954900000000065585e-01
8.954700000000059834e-01
