2.051600000000000090e+00
1.902551391512179890e+00
1.785771606669386058e+00
1.583843439933029229e+00
1.459234882860300120e+00
1.383511221254565271e+00
1.317372833269809140e+00
1.262736773630227960e+00
1.215768932887430154e+00
1.184137529938199096e+00
1.157298763799457397e+00
1.133335579747009492e+00
1.111289450418757374e+00
1.088284793728407474e+00
1.066238664400155578e+00
1.047068117158197476e+00
1.026939042554141368e+00
1.005851440587987256e+00
9.857223659839310370e-01
9.675103461040706065e-01
9.540909630346997572e-01
9.377959978790352258e-01
9.262936695338602755e-01
9.119157591023916432e-01
8.994549033951187988e-01
8.841184656015520504e-01
8.726161372563771002e-01
8.611138089112021499e-01
8.496114805660273106e-01
8.381091522208522493e-01
8.285238785998730870e-01
8.179800776167960308e-01
8.055192219095230755e-01
7.940168935643482362e-01
7.815560378570752809e-01
7.700537095119003306e-01
7.575928538046273752e-01
7.470490528215504300e-01
7.365052518384733737e-01
7.250029234932985345e-01
7.154176498723193722e-01
7.058323762513402100e-01
7.010397394408505178e-01
6.943300479061651487e-01
6.876203563714797795e-01
6.789936101125985113e-01
6.713253912158152481e-01
6.646156996811298789e-01
6.579060081464445098e-01
6.521548439738570346e-01
6.454451524391716655e-01
6.396939882665840793e-01
6.339428240939967152e-01
6.291501872835071341e-01
6.243575504730175529e-01
6.195649136625279718e-01
6.157308042141362847e-01
6.118966947657445976e-01
6.080625853173530215e-01
6.023114211447655464e-01
5.956017296100800662e-01
5.888920380753946970e-01
5.840994012649051159e-01
5.821823465407093279e-01
5.802652918165135398e-01
5.783482370923176408e-01
5.745141276439260647e-01
5.706800181955343776e-01
5.649288540229467914e-01
5.591776898503594273e-01
5.572606351261635282e-01
5.563021077640656342e-01
5.534265256777719522e-01
5.486338888672822600e-01
5.438412520567927899e-01
5.409656699704989968e-01
5.371315605221074208e-01
5.352145057979115217e-01
5.342559784358136277e-01
5.332974510737157336e-01
5.304218689874220516e-01
5.265877595390303645e-01
5.237121774527366824e-01
5.208365953664427783e-01
5.189195406422469903e-01
5.150854311938554142e-01
5.122098491075616211e-01
5.083757396591699340e-01
5.076316270004362918e-01
5.063549827218589705e-01
5.050783278884172223e-01
5.016701930725507852e-01
4.981542005406385809e-01
4.946395615117762934e-01
4.909119140569224715e-01
4.877181411700978741e-01
4.838826887735206417e-01
4.806875623836459610e-01
4.781301710978831387e-01
4.752545890115893457e-01
4.719516998994492951e-01
4.686513594704417862e-01
4.660965274226759880e-01
4.634351806070498014e-01
4.601335500041792703e-01
4.570449278273003291e-01
4.541693140764130887e-01
4.514002045385216988e-01
4.485245907876344584e-01
4.454359686107554617e-01
4.421343380078848750e-01
4.388327074050143994e-01
4.359570936541271036e-01
4.335074967552230985e-01
4.311644040693149993e-01
4.288213113834069001e-01
4.263717144845028950e-01
4.243481344375822917e-01
4.222180501776657269e-01
4.201944701307451235e-01
4.180643858708285587e-01
4.161473100369037503e-01
4.145497468419663822e-01
4.131651920730206595e-01
4.117806373040749368e-01
4.105025867481250645e-01
4.092245361921751368e-01
4.081594940622169099e-01
4.067749392932711872e-01
4.054968887373213149e-01
4.038993255423838913e-01
4.026212749864340190e-01
4.014497286434799972e-01
4.003846865135217148e-01
3.992131401705676375e-01
3.974025685496386795e-01
3.956985011417054054e-01
3.944204505857555332e-01
3.932489042428015114e-01
3.921838621128432290e-01
3.902667862789183650e-01
3.882432062319976507e-01
3.859001135460895515e-01
3.839830377121647431e-01
3.825984829432190204e-01
3.812139281742732977e-01
3.794033565533443397e-01
3.775927849324152707e-01
3.758887175244821077e-01
3.748236753945238253e-01
3.736521290515697480e-01
3.726935911346073715e-01
3.714155405786574438e-01
3.702439942357034219e-01
3.692854563187409345e-01
3.688594394667576992e-01
3.686464310407659983e-01
3.684334226147744640e-01
3.679009015497952118e-01
3.674748846978119765e-01
3.667293552068411344e-01
3.663033383548578992e-01
3.653448004378954117e-01
3.645992709469246251e-01
3.635342288169664537e-01
3.626821951129998722e-01
3.615106487700457394e-01
3.604456066400874570e-01
3.591675560841376402e-01
3.586350350191584990e-01
3.578895055281877124e-01
3.577830013151919175e-01
3.571439760372169814e-01
3.567179591852336351e-01
3.559724296942629596e-01
3.557594212682712587e-01
3.555464128422796133e-01
3.555464128422796133e-01
3.550138917773004721e-01
3.543748664993255360e-01
3.536293370083547494e-01
3.532033201563714031e-01
3.529903117303798132e-01
3.527773033043881679e-01
3.522447822394090267e-01
3.514992527484383511e-01
3.506472190444716586e-01
3.497951853405050771e-01
3.491561600625301409e-01
3.485171347845552048e-01
3.476651010805886233e-01
3.464935547376344904e-01
3.451089999686887677e-01
3.438309494127388954e-01
3.425528988567890232e-01
3.413813525138349458e-01
3.404228145968725694e-01
3.394642766799100819e-01
3.385057387629477055e-01
3.377602092719769189e-01
3.374406966329894231e-01
3.374406966329894231e-01
3.374406966329893676e-01
3.376537050589810129e-01
3.378667134849726583e-01
3.378667134849727138e-01
3.378667134849727138e-01
3.376537050589810129e-01
3.376537050589810129e-01
3.374406966329894231e-01
3.372276882069977777e-01
3.368016713550144314e-01
3.363756545030311962e-01
3.359496376510478499e-01
3.355236207990646147e-01
3.349910997340854735e-01
3.347780913080938281e-01
3.347780913080938281e-01
3.345650828821022382e-01
3.342455702431146869e-01
3.339260576041272466e-01
3.337130491781355457e-01
3.335000407521439558e-01
3.331805281131564600e-01
3.327545112611731692e-01
3.320089817702023827e-01
3.309439396402442113e-01
3.299854017232817793e-01
3.290268638063193474e-01
3.280683258893569154e-01
3.270032837593987440e-01
3.260447458424362566e-01
3.256187289904529658e-01
3.255122247774571154e-01
3.256187289904529103e-01
3.256187289904529103e-01
3.257252332034488163e-01
3.259382416294404061e-01
3.263642584814236969e-01
3.267902753334070431e-01
3.270032837593986330e-01
3.267902753334070431e-01
3.260447458424362566e-01
3.249797037124780297e-01
3.239146615825197473e-01
3.231691320915489607e-01
3.226366110265698750e-01
3.218910815355990884e-01
3.207195351926450111e-01
3.192284762107034379e-01
3.177374172287619203e-01
3.166723750988036934e-01
3.160333498208287017e-01
3.155008287558495605e-01
3.144357866258913337e-01
3.129447276439498160e-01
3.116666770879998882e-01
3.108146433840333067e-01
3.104951307450458109e-01
3.103886265320499604e-01
3.104951307450458109e-01
3.103886265320499604e-01
3.099626096800667252e-01
3.097496012540750798e-01
3.099626096800667252e-01
3.101756181060583706e-01
3.103886265320500160e-01
3.103886265320499604e-01
3.106016349580416058e-01
3.104951307450458109e-01
3.104951307450458109e-01
3.106016349580416058e-01
3.108146433840332512e-01
3.109211475970290461e-01
3.111341560230207470e-01
3.112406602360165420e-01
3.110276518100249521e-01
3.104951307450458109e-01
3.100691138930625201e-01
3.099626096800667252e-01
3.098561054670709303e-01
3.095365928280833789e-01
3.087910633371126479e-01
3.077260212071543655e-01
3.065544748642003436e-01
3.061284580122169974e-01
3.061284580122169974e-01
3.062349622252127923e-01
3.060219537992212024e-01
3.055959369472379117e-01
3.052764243082504159e-01
3.050634158822587705e-01
3.048504074562670696e-01
3.047439032432713302e-01
3.039983737523005436e-01
3.032528442613297570e-01
3.021878021313715301e-01
3.013357684274048931e-01
3.008032473624258074e-01
3.002707262974466662e-01
3.001642220844508713e-01
2.999512136584592814e-01
2.999512136584592259e-01
3.000577178714550208e-01
2.999512136584592259e-01
3.001642220844508713e-01
3.002707262974467217e-01
3.005902389364341620e-01
3.011227600014133032e-01
3.010162557884174528e-01
3.012292642144090982e-01
3.009097515754216023e-01
3.012292642144091537e-01
3.011227600014133032e-01
3.009097515754216579e-01
3.002707262974466662e-01
2.996317010194717856e-01
2.987796673155051486e-01
2.984601546765176527e-01
2.981406420375301569e-01
2.982471462505260074e-01
2.978211293985427166e-01
2.972886083335635754e-01
2.967560872685845452e-01
2.967560872685845452e-01
2.967560872685844897e-01
2.967560872685845452e-01
2.964365746295969939e-01
2.962235662036054040e-01
2.962235662036054040e-01
2.963300704166012545e-01
2.967560872685845452e-01
2.967560872685844897e-01
2.964365746295969939e-01
2.959040535646179082e-01
2.955845409256304124e-01
2.955845409256304124e-01
2.951585240736471216e-01
2.943064903696805401e-01
2.929219356007348174e-01
2.914308766187932442e-01
2.904723387018308123e-01
2.898333134238558761e-01
2.894072965718725854e-01
2.883422544419143030e-01
2.869576996729686358e-01
2.858926575430103534e-01
2.850406238390437719e-01
2.849341196260479214e-01
2.850406238390437719e-01
2.852536322650354172e-01
2.852536322650354172e-01
2.850406238390437719e-01
2.848276154130521265e-01
2.844015985610688357e-01
2.837625732830938996e-01
2.833365564311106088e-01
2.826975311531356727e-01
2.819520016621648861e-01
2.807804553192108088e-01
2.798219174022483213e-01
2.788633794852859449e-01
2.784373626333025986e-01
2.783308584203068592e-01
2.784373626333027096e-01
2.781178499943151583e-01
2.775853289293360171e-01
2.769463036513611365e-01
2.765202867993778457e-01
2.760942699473944995e-01
2.758812615214028541e-01
2.757747573084070591e-01
2.755617488824154138e-01
2.750292278174362726e-01
2.744967067524571314e-01
2.739641856874779902e-01
2.737511772614864003e-01
2.733251604095030540e-01
2.724731267055364725e-01
2.713015803625824507e-01
2.700235298066325229e-01
2.690649918896700910e-01
2.682129581857035094e-01
2.676804371207243682e-01
2.673609244817369279e-01
2.669349076297536372e-01
2.664023865647744960e-01
2.664023865647744960e-01
2.665088907777703464e-01
2.665088907777702909e-01
2.660828739257870001e-01
2.659763697127911497e-01
2.659763697127912052e-01
2.660828739257870001e-01
2.661893781387827951e-01
2.665088907777703464e-01
2.665088907777702909e-01
2.666153949907661413e-01
2.667218992037619363e-01
2.670414118427494876e-01
2.672544202687410775e-01
2.671479160557452270e-01
2.670414118427494876e-01
2.666153949907661969e-01
2.665088907777703464e-01
2.665088907777703464e-01
2.664023865647744960e-01
2.661893781387828506e-01
2.660828739257870557e-01
2.661893781387828506e-01
2.666153949907661969e-01
2.668284034167578422e-01
2.673609244817369279e-01
2.675739329077285178e-01
2.679999497597118641e-01
2.685324708246910053e-01
2.691714961026659414e-01
2.695975129546492322e-01
2.697040171676450271e-01
2.698105213806409330e-01
2.697040171676450826e-01
2.697040171676450826e-01
2.695975129546492322e-01
2.698105213806408775e-01
2.701300340196283734e-01
2.702365382326242238e-01
2.701300340196283734e-01
2.699170255936367280e-01
2.697040171676450826e-01
2.695975129546492877e-01
2.693845045286575868e-01
2.689584876766742405e-01
2.678934455467160691e-01
2.660828739257870001e-01
2.645918149438454825e-01
2.635267728138872001e-01
2.628877475359123195e-01
2.616096969799623917e-01
2.605446548500041648e-01
2.591601000810584421e-01
2.585210748030835060e-01
2.577755453121127194e-01
2.577755453121127194e-01
2.578820495251085698e-01
2.582015621640960656e-01
2.586275790160793009e-01
2.591601000810584421e-01
2.595861169330417328e-01
2.599056295720291732e-01
2.599056295720291732e-01
2.600121337850249681e-01
2.601186379980208185e-01
2.600121337850249681e-01
2.597991253590333227e-01
2.593731085070500320e-01
2.595861169330417328e-01
2.597991253590333227e-01
2.602251422110166690e-01
2.604381506370083144e-01
2.605446548500041648e-01
2.605446548500041648e-01
2.606511590629999597e-01
2.608641674889916051e-01
2.610771759149832505e-01
2.609706717019874556e-01
2.605446548500041648e-01
2.601186379980208740e-01
2.597991253590333782e-01
2.595861169330417328e-01
2.591601000810584421e-01
2.585210748030835060e-01
2.577755453121127194e-01
2.569235116081461379e-01
2.561779821171752958e-01
2.558584694781878555e-01
2.556454610521961546e-01
2.553259484132087143e-01
2.551129399872170689e-01
2.550064357742212184e-01
2.550064357742212184e-01
2.544739147092421327e-01
2.540478978572588975e-01
2.531958641532923160e-01
2.524503346623214739e-01
2.515983009583548924e-01
2.512787883193673966e-01
2.508527714673841058e-01
2.503202504024049646e-01
2.496812251244300285e-01
2.494682166984384108e-01
2.492552082724467655e-01
2.493617124854425882e-01
2.493617124854425882e-01
2.496812251244300285e-01
2.497877293374258789e-01
2.500007377634175243e-01
2.503202504024049646e-01
2.507462672543883109e-01
2.512787883193674521e-01
2.518113093843465933e-01
