2.051600000000000090e+00
1.902551391512179890e+00
1.813568900170225318e+00
1.650940355279882921e+00
1.571382584225756274e+00
1.510995360413587507e+00
1.457317828136104332e+00
1.404598823220718939e+00
1.360506564564214926e+00
1.317372833269809140e+00
1.279031738785892491e+00
1.245483281112465646e+00
1.216727460249528159e+00
1.192764276197080253e+00
1.169759619506730353e+00
1.147713490178478457e+00
1.125667360850226340e+00
1.102662704159876439e+00
1.085409211642113902e+00
1.071031301210645159e+00
1.058570445503372204e+00
1.041316952985609889e+00
1.024063460467847575e+00
1.006809967950085039e+00
9.876394207081268251e-01
9.713444555524622936e-01
9.521739083105039692e-01
9.377959978790353368e-01
9.195839779991749063e-01
9.071231222919019510e-01
8.965793213088250058e-01
8.869940476878458435e-01
8.764502467047687873e-01
8.639893909974958319e-01
8.524870626523209927e-01
8.390676795829500323e-01
8.266068238756772990e-01
8.151044955305022377e-01
8.026436398232293934e-01
7.920998388401524481e-01
7.786804557707815988e-01
7.681366547877045425e-01
7.614269632530191734e-01
7.556757990804316982e-01
7.508831622699420061e-01
7.393808339247671668e-01
7.317126150279839036e-01
7.240443961312005294e-01
7.202102866828088423e-01
7.115835404239275741e-01
7.000812120787527348e-01
6.895374110956756786e-01
6.847447742851860975e-01
6.818691921988923044e-01
6.761180280263049402e-01
6.684498091295214550e-01
6.598230628706404088e-01
6.531133713359548176e-01
6.464036798012694485e-01
6.425695703528778724e-01
6.368184061802902862e-01
6.301087146456051391e-01
6.214819683867237599e-01
6.157308042141362847e-01
6.109381674036468146e-01
6.080625853173530215e-01
6.042284758689613344e-01
5.994358390584717533e-01
5.917676201616884901e-01
5.869749833511989090e-01
5.812238191786113228e-01
5.773897097302197468e-01
5.735556002818280597e-01
5.716385455576322716e-01
5.697214908334363725e-01
5.639703266608488974e-01
5.553435804019678512e-01
5.505509435914781591e-01
5.457583067809886890e-01
5.428827246946948959e-01
5.371315605221074208e-01
5.342559784358136277e-01
5.304218689874219406e-01
5.275462869011283695e-01
5.256292321769324705e-01
5.227536500906387884e-01
5.198780680043449953e-01
5.150854311938554142e-01
5.112513217454637271e-01
5.074172122970720400e-01
5.045416302107783579e-01
5.016660481244845649e-01
5.016660481244845649e-01
4.997489934002887768e-01
4.987904660381909383e-01
4.911222471414075641e-01
4.901637197793096701e-01
4.892051924172117761e-01
4.872881376930158770e-01
4.824955008825262959e-01
4.777028640720367147e-01
4.738687546236451387e-01
4.697163910455355307e-01
4.653510084865696839e-01
4.636481890330414468e-01
4.603465584301709157e-01
4.572579362532920300e-01
4.548083393543880248e-01
4.523587424554840752e-01
4.502286581955676215e-01
4.479920697226553172e-01
4.459684896757346029e-01
4.437319012028222986e-01
4.416018169429057338e-01
4.395782368959851305e-01
4.379806737010477069e-01
4.362766062931145439e-01
4.345725388851813253e-01
4.327619672642523674e-01
4.307383872173316530e-01
4.286083029574151992e-01
4.265847229104944849e-01
4.245611428635738815e-01
4.224310586036574278e-01
4.198749574917575722e-01
4.173188563798578277e-01
4.149757636939496730e-01
4.129521836470290697e-01
4.115676288780833469e-01
4.105025867481250645e-01
4.093310404051709317e-01
4.078399814232294140e-01
4.064554266542836913e-01
4.054968887373213149e-01
4.047513592463505283e-01
4.037928213293880408e-01
4.026212749864340190e-01
4.012367202174882963e-01
3.998521654485425736e-01
3.984676106795967954e-01
3.976155769756302694e-01
3.966570390586678374e-01
3.954854927157138156e-01
3.937814253077805415e-01
3.920773578998473785e-01
3.901602820659226256e-01
3.880301978060060608e-01
3.857936093330937566e-01
3.838765334991688927e-01
3.817464492392523834e-01
3.795098607663400792e-01
3.770602638674360740e-01
3.749301796075196758e-01
3.726935911346072605e-01
3.708830195136783026e-01
3.690724478927493446e-01
3.677943973367994168e-01
3.663033383548578992e-01
3.651317920119037663e-01
3.636407330299622487e-01
3.624691866870081713e-01
3.610846319180624486e-01
3.600195897881042217e-01
3.588480434451501999e-01
3.577830013151919175e-01
3.562919423332502888e-01
3.548008833513088267e-01
3.530968159433756082e-01
3.521382780264132317e-01
3.511797401094507443e-01
3.508602274704633039e-01
3.504342106184800687e-01
3.496886811275092821e-01
3.487301432105469057e-01
3.475585968675927728e-01
3.464935547376344904e-01
3.455350168206721140e-01
3.442569662647221862e-01
3.428724114957764635e-01
3.407423272358600097e-01
3.387187471889392953e-01
3.369081755680103374e-01
3.356301250120604096e-01
3.343520744561104263e-01
3.331805281131564045e-01
3.319024775572065322e-01
3.310504438532399507e-01
3.304114185752650146e-01
3.299854017232817238e-01
3.293463764453067877e-01
3.287073511673317960e-01
3.279618216763610650e-01
3.275358048243777187e-01
3.270032837593986330e-01
3.265772669074153423e-01
3.257252332034487607e-01
3.247666952864863288e-01
3.238081573695238968e-01
3.230626278785531102e-01
3.223170983875823237e-01
3.215715688966115926e-01
3.207195351926449556e-01
3.198675014886783741e-01
3.189089635717159421e-01
3.180569298677493606e-01
3.172048961637827791e-01
3.164593666728119925e-01
3.158203413948370564e-01
3.153943245428537656e-01
3.150748119038662698e-01
3.148618034778745689e-01
3.147552992648787740e-01
3.147552992648787740e-01
3.146487950518829790e-01
3.144357866258913337e-01
3.141162739869038933e-01
3.136902571349206026e-01
3.131577360699414059e-01
3.125187107919665253e-01
3.118796855139915336e-01
3.112406602360165420e-01
3.104951307450458109e-01
3.099626096800666697e-01
3.095365928280833789e-01
3.094300886150875840e-01
3.093235844020917891e-01
3.090040717631042377e-01
3.087910633371125924e-01
3.086845591241167419e-01
3.087910633371125924e-01
3.087910633371126479e-01
3.086845591241167974e-01
3.085780549111210025e-01
3.082585422721335622e-01
3.077260212071543655e-01
3.075130127811627201e-01
3.071935001421752798e-01
3.068739875031878395e-01
3.065544748642003436e-01
3.062349622252127923e-01
3.060219537992212024e-01
3.054894327342421168e-01
3.053829285212463218e-01
3.054894327342421168e-01
3.053829285212463218e-01
3.049569116692629756e-01
3.041048779652963940e-01
3.028268274093464663e-01
3.016552810663924444e-01
3.002707262974467217e-01
2.995251968064759351e-01
2.987796673155051486e-01
2.982471462505260074e-01
2.979276336115385670e-01
2.977146251855468662e-01
2.977146251855469217e-01
2.978211293985427166e-01
2.980341378245343620e-01
2.984601546765177082e-01
2.986731631025092981e-01
2.984601546765177082e-01
2.981406420375301569e-01
2.973951125465594258e-01
2.964365746295969939e-01
2.951585240736471216e-01
2.940934819436888392e-01
2.930284398137306678e-01
2.918568934707765905e-01
2.903658344888350729e-01
2.889812797198892391e-01
2.874902207379477215e-01
2.861056659690019988e-01
2.851471280520396223e-01
2.842950943480729853e-01
2.833365564311105533e-01
2.821650100881564760e-01
2.813129763841898945e-01
2.808869595322065482e-01
2.804609426802233130e-01
2.800349258282400222e-01
2.798219174022484323e-01
2.793959005502650861e-01
2.792893963372692356e-01
2.789698836982817398e-01
2.789698836982817398e-01
2.785438668462984491e-01
2.782243542073110087e-01
2.781178499943151583e-01
2.782243542073110087e-01
2.780113457813193079e-01
2.779048415683234574e-01
2.774788247163401667e-01
2.774788247163401667e-01
2.774788247163402222e-01
2.779048415683234574e-01
2.781178499943151583e-01
2.780113457813193634e-01
2.776918331423319231e-01
2.775853289293360726e-01
2.774788247163402222e-01
2.774788247163402222e-01
2.771593120773527263e-01
2.764137825863819953e-01
2.755617488824153583e-01
2.747097151784488323e-01
2.743902025394613364e-01
2.739641856874779902e-01
2.734316646224988490e-01
2.730056477705156137e-01
2.728991435575197633e-01
2.731121519835114086e-01
2.731121519835114086e-01
2.728991435575197078e-01
2.724731267055364725e-01
2.717275972145656859e-01
2.708755635105991044e-01
2.702365382326241683e-01
2.695975129546492322e-01
2.689584876766742405e-01
2.681064539727076590e-01
2.677869413337201632e-01
2.673609244817369279e-01
2.670414118427494321e-01
2.664023865647745515e-01
2.661893781387828506e-01
2.660828739257870557e-01
2.659763697127912052e-01
2.655503528608079145e-01
2.646983191568413329e-01
2.638462854528746959e-01
2.631007559619039093e-01
2.626747391099206741e-01
2.625682348969248792e-01
2.623552264709331783e-01
2.621422180449415329e-01
2.619292096189498875e-01
2.619292096189498875e-01
2.623552264709331783e-01
2.624617306839289732e-01
2.622487222579373278e-01
2.617162011929581866e-01
2.612901843409748959e-01
2.606511590629999597e-01
2.599056295720291732e-01
2.587340832290751513e-01
2.575625368861210740e-01
2.560714779041795564e-01
2.551129399872171244e-01
2.547934273482296286e-01
2.545804189222379832e-01
2.541544020702546924e-01
2.538348894312672521e-01
2.531958641532922605e-01
2.525568388753172688e-01
2.514917967453589864e-01
2.508527714673840503e-01
2.500007377634175243e-01
2.489356956334592696e-01
2.477641492905051646e-01
2.466991071605468822e-01
2.456340650305886830e-01
2.448885355396178964e-01
2.444625186876345779e-01
2.444625186876345779e-01
2.443560144746387552e-01
2.442495102616429603e-01
2.441430060486471376e-01
2.441430060486471376e-01
2.440365018356513149e-01
2.439299976226554645e-01
2.438234934096596418e-01
2.438234934096596418e-01
2.438234934096596418e-01
2.438234934096596418e-01
2.438234934096596418e-01
2.437169891966638191e-01
2.435039807706721737e-01
2.431844681316847057e-01
2.429714597056930325e-01
2.427584512797014149e-01
2.426519470667055922e-01
2.424389386407139746e-01
2.422259302147223015e-01
2.419064175757348334e-01
2.416934091497432158e-01
2.413738965107557199e-01
2.411608880847640746e-01
2.408413754457766343e-01
2.405218628067891384e-01
2.400958459548058477e-01
2.395633248898267065e-01
2.388177953988559477e-01
2.378592574818935157e-01
2.370072237779269064e-01
2.364747027129478207e-01
2.359421816479686795e-01
2.351966521569979207e-01
2.344511226660271619e-01
2.338120973880521980e-01
2.333860805360689072e-01
2.329600636840855887e-01
2.328535594710897660e-01
2.323210384061106248e-01
2.317885173411315114e-01
2.308299794241690794e-01
2.305104667851816114e-01
2.301909541461941433e-01
2.299779457202024702e-01
2.295519288682192072e-01
2.295519288682192072e-01
2.295519288682192072e-01
2.298714415072066475e-01
2.300844499331983206e-01
2.307234752111732845e-01
2.311494920631565753e-01
2.313625004891481929e-01
2.317885173411314836e-01
2.322145341931147744e-01
2.324275426191064475e-01
2.326405510450980929e-01
2.330665678970814392e-01
2.334925847490646744e-01
2.337055931750563476e-01
2.334925847490646744e-01
2.338120973880521980e-01
2.333860805360688795e-01
2.332795763230730568e-01
2.328535594710897660e-01
2.327470552580939434e-01
2.323210384061106248e-01
2.320015257671231568e-01
2.317885173411315114e-01
2.318950215541273618e-01
2.314690047021440433e-01
2.312559962761523702e-01
2.308299794241690794e-01
2.307234752111733123e-01
2.302974583591899937e-01
2.296584330812150299e-01
2.288063993772484206e-01
2.280608698862776895e-01
2.273153403953068752e-01
2.266763151173319113e-01
2.259307856263611525e-01
2.255047687743778895e-01
2.252917603483862441e-01
2.252917603483862441e-01
2.256112729873736844e-01
2.261437940523528256e-01
2.265698109043361164e-01
2.271023319693152576e-01
2.277413572472901659e-01
2.288063993772484206e-01
2.295519288682191794e-01
2.304039625721857887e-01
2.309364836371649021e-01
2.314690047021440433e-01
2.314690047021440433e-01
2.312559962761524257e-01
2.305104667851816114e-01
2.297649372942108803e-01
2.289129035902442710e-01
2.279543656732818668e-01
2.268893235433235844e-01
2.259307856263611802e-01
2.252917603483862441e-01
2.250787519223945710e-01
2.252917603483861886e-01
2.260372898393569752e-01
2.263568024783444710e-01
2.265698109043361441e-01
2.267828193303278173e-01
2.272088361823111080e-01
2.276348530342943988e-01
2.275283488212985483e-01
2.271023319693152576e-01
2.264633066913402937e-01
2.256112729873737122e-01
2.251852561353903937e-01
2.247592392834071029e-01
2.246527350704112802e-01
2.240137097924363163e-01
2.233746845144613802e-01
2.228421634494822390e-01
2.227356592364864440e-01
2.227356592364864440e-01
2.228421634494822667e-01
2.229486676624780894e-01
2.231616760884697348e-01
2.232681803014655575e-01
2.234811887274571751e-01
2.235876929404529978e-01
2.238007013664446987e-01
2.239072055794405214e-01
2.240137097924363163e-01
2.240137097924363163e-01
2.240137097924363163e-01
2.240137097924363163e-01
2.241202140054321390e-01
2.243332224314237566e-01
