2.051600000000000090e+00
1.890493899133451450e+00
1.824614262988046187e+00
1.780433581047753844e+00
1.750552912723301491e+00
1.721871380075128410e+00
1.690239977125897575e+00
1.664359738349253881e+00
1.641355081658903980e+00
1.612073606757168820e+00
1.584283693306738350e+00
1.559616242041749423e+00
1.538071252962202262e+00
1.516838510101199411e+00
1.496542505895828823e+00
1.474815646444680661e+00
1.455005862827457142e+00
1.436395793950082878e+00
1.418707930887454616e+00
1.403169459252418649e+00
1.386970163078077967e+00
1.371046781020065053e+00
1.355726092137810035e+00
1.339112819858718995e+00
1.324415238465294964e+00
1.310356682349846258e+00
1.295868652061539450e+00
1.282019647051207301e+00
1.267641578296770932e+00
1.254222047459297107e+00
1.240802516621823282e+00
1.227382985784349678e+00
1.213963454946875409e+00
1.200543924109401805e+00
1.188198228688762015e+00
1.176332872384084016e+00
1.162594038768140825e+00
1.147859369905797955e+00
1.134700464977062229e+00
1.121265645931998955e+00
1.108789364803898003e+00
1.096981174635545564e+00
1.085223849410295927e+00
1.072734000668529752e+00
1.060556398145307222e+00
1.050122232732072947e+00
1.040442599957203784e+00
1.027640504996893078e+00
1.015150656255126682e+00
1.002660807513360508e+00
9.901860371186648191e-01
9.776604017808663283e-01
9.663910177376878741e-01
9.547585225328619751e-01
9.435755801683005650e-01
9.315654409609405162e-01
9.207824873664274268e-01
9.106022269476726771e-01
9.001024538899302652e-01
8.892390241643562954e-01
8.802926702727069674e-01
8.700682658251078783e-01
8.617609372114335420e-01
8.521755580418093334e-01
8.438682294281349971e-01
8.352413881754733316e-01
8.282121101177488676e-01
8.202242941430619716e-01
8.138340413633123882e-01
8.077633012225504672e-01
8.016925610817885461e-01
7.946632830240640821e-01
7.879535176053271694e-01
7.825218027425401290e-01
7.783681384357028499e-01
7.716583730169659372e-01
7.655876328762040162e-01
7.595168927354419841e-01
7.524876146777175201e-01
7.441802860640431838e-01
7.374705206453062711e-01
7.307607552265693585e-01
7.234119645298574541e-01
7.157436611941581095e-01
7.083948704974462052e-01
7.004070545227593092e-01
6.917802132700976436e-01
6.850704478513605089e-01
6.796387329885735795e-01
6.727255918727940154e-01
6.656963138150696624e-01
6.607002485332149622e-01
6.555880463094153621e-01
6.514343820025781939e-01
6.482392556127033467e-01
6.447246165838412812e-01
6.396124143600415701e-01
6.345002121362420811e-01
6.308694361654350047e-01
6.270352844975852769e-01
6.224459706098158795e-01
6.170142557470287281e-01
6.115825408842416877e-01
6.051922881044922153e-01
6.000800858806926152e-01
5.949678836568931262e-01
5.895361687941060858e-01
5.831750657714999120e-01
5.755067624358005673e-01
5.691674586745243403e-01
5.624576932557874276e-01
5.563869531150253955e-01
5.506357256132509148e-01
5.452040107504639854e-01
5.384942453317269617e-01
5.330625304689399213e-01
5.276016658490094713e-01
5.240870268201471838e-01
5.195629008558493300e-01
5.157287491879996022e-01
5.122141101591375367e-01
5.086994711302752492e-01
5.045458068234380811e-01
5.026287309895133282e-01
5.003921425166009129e-01
4.987945793216634893e-01
4.971970161267262323e-01
4.949604276538139280e-01
4.933628644588765599e-01
4.916565988931778097e-01
4.894200104202655055e-01
4.877355441158967575e-01
4.857315651725405137e-01
4.834226064310834237e-01
4.815055305971586153e-01
4.786299168462713194e-01
4.754347904563965277e-01
4.722396640665218470e-01
4.685142147694335013e-01
4.653190883795587096e-01
4.615718398211405282e-01
4.571855659847472442e-01
4.534237845854423576e-01
4.492701202786051340e-01
4.454359686107554617e-01
4.416018169429057894e-01
4.377676652750561170e-01
4.345725388851813253e-01
4.323359504122690211e-01
4.291408240223943404e-01
4.269042355494819807e-01
4.243481344375822362e-01
4.217920333256823806e-01
4.185969069358076444e-01
4.169993437408703318e-01
4.147627552679579721e-01
4.122066541560582276e-01
4.096505530441584275e-01
4.077334772102335636e-01
4.042188381813713871e-01
4.010237117914966509e-01
3.968700474846594273e-01
3.939944337337722424e-01
3.907993073438975062e-01
3.885627188709852020e-01
3.853675924811104658e-01
3.815334408132607935e-01
3.773797765064236809e-01
3.754627006724988170e-01
3.735456248385739531e-01
3.722675742826240808e-01
3.713090363656616488e-01
3.700309858097117210e-01
3.684334226147743530e-01
3.674748846978119210e-01
3.661968341418620487e-01
3.658773215028745529e-01
3.642797583079371848e-01
3.623626824740123209e-01
3.607651192790750083e-01
3.591675560841375847e-01
3.569309676112252805e-01
3.546943791383130318e-01
3.524577906654007275e-01
3.508602274704633039e-01
3.489431516365384400e-01
3.473455884416011274e-01
3.463870505246386955e-01
3.457480252466637038e-01
3.438309494127388954e-01
3.419138735788140870e-01
3.403163103838766634e-01
3.390382598279268467e-01
3.377602092719769189e-01
3.361626460770394953e-01
3.345650828821021827e-01
3.326480070481773743e-01
3.300919059362776298e-01
3.281748301023527103e-01
3.265772669074153423e-01
3.249797037124779742e-01
3.243406784345029825e-01
3.230626278785531102e-01
3.214650646836157977e-01
3.198675014886783741e-01
3.182699382937410060e-01
3.163528624598161421e-01
3.150748119038662698e-01
3.134772487089289572e-01
3.118796855139915336e-01
3.093235844020917891e-01
3.074065085681669252e-01
3.058089453732295571e-01
3.035723569003172528e-01
3.010162557884175083e-01
2.994186925934800847e-01
2.978211293985427166e-01
2.965430788425928443e-01
2.952650282866429166e-01
2.939869777306930443e-01
2.930284398137306123e-01
2.917503892577806845e-01
2.907918513408182526e-01
2.904723387018308123e-01
2.895138007848683803e-01
2.885552628679059484e-01
2.875967249509435719e-01
2.863186743949936441e-01
2.850406238390437164e-01
2.837625732830938996e-01
2.831235480051189080e-01
2.828040353661314121e-01
2.828040353661314121e-01
2.824845227271439718e-01
2.821650100881564760e-01
2.821650100881564760e-01
2.821650100881564760e-01
2.815259848101815399e-01
2.812064721711940440e-01
2.802479342542316676e-01
2.792893963372692356e-01
2.776918331423318675e-01
2.767332952253693801e-01
2.754552446694195633e-01
2.741771941134696355e-01
2.725796309185322674e-01
2.716210930015698910e-01
2.709820677235948994e-01
2.700235298066325229e-01
2.697040171676450271e-01
2.690649918896700354e-01
2.684259666116951548e-01
2.677869413337201632e-01
2.671479160557452825e-01
2.658698654997953548e-01
2.658698654997953548e-01
2.652308402218204186e-01
2.649113275828329228e-01
2.642723023048579867e-01
2.629942517489081144e-01
2.623552264709331783e-01
2.613966885539706908e-01
2.604381506370083144e-01
2.604381506370082588e-01
2.591601000810583866e-01
2.578820495251085698e-01
2.572430242471335782e-01
2.556454610521962101e-01
2.550064357742212184e-01
2.527698473013089142e-01
2.514917967453590419e-01
2.498942335504216461e-01
2.482966703554843058e-01
2.466991071605469654e-01
2.451015439656095973e-01
2.435039807706722015e-01
2.425454428537098250e-01
2.419064175757348611e-01
2.419064175757348611e-01
2.412673922977598695e-01
2.406283670197849889e-01
2.403088543807975208e-01
2.399893417418100250e-01
2.396698291028225292e-01
2.393503164638350333e-01
2.390308038248475930e-01
2.377527532688976930e-01
2.370199781820844509e-01
2.363809529041095425e-01
2.360614402651220467e-01
2.357419276261346064e-01
2.354224149871470551e-01
2.353213987578655353e-01
2.350018861188780395e-01
2.346823734798905436e-01
2.343628608409031033e-01
2.338175853717664454e-01
2.334980727327789496e-01
2.334980727327789496e-01
2.328590474548040135e-01
2.328590474548040135e-01
2.313625004891481929e-01
2.300844499331983206e-01
2.291259120162358609e-01
2.288063993772484206e-01
2.281673740992734845e-01
2.278478614602860164e-01
2.271296192143593684e-01
2.271296192143593684e-01
2.264905939363844600e-01
2.268101065753719281e-01
2.264905939363844600e-01
2.261710812973969642e-01
2.258515686584095239e-01
2.257868845313444894e-01
2.254026877652920147e-01
2.248428794552686794e-01
2.242038541772937432e-01
2.235648288993188071e-01
2.232453162603313113e-01
2.235648288993188071e-01
2.235648288993188071e-01
2.238123909907979436e-01
2.241965877568504184e-01
2.241965877568504739e-01
2.241319036297854117e-01
2.240672195027203772e-01
2.240025353756553428e-01
2.233133588115020496e-01
2.232486746844369874e-01
2.222472519017394676e-01
2.219350056831952966e-01
2.206569551272454244e-01
2.200826139763355227e-01
2.195082728254255655e-01
2.189339316745156638e-01
2.189986158015806705e-01
2.190487670877590831e-01
2.191134512148241176e-01
2.197379436519124318e-01
2.185245772230275663e-01
2.188440898620150343e-01
2.188440898620150343e-01
2.185245772230275663e-01
2.185245772230275663e-01
2.185245772230275385e-01
2.185245772230275663e-01
2.178855519450526024e-01
2.176234570126868162e-01
2.189015075686367440e-01
2.189015075686367440e-01
2.185819949296492481e-01
2.189015075686367440e-01
2.189015075686367440e-01
2.182624822906618078e-01
2.182624822906617801e-01
2.182624822906617801e-01
2.182624822906618078e-01
2.176234570126868162e-01
2.176234570126868162e-01
2.179429696516743120e-01
2.179429696516743120e-01
2.176234570126868162e-01
2.173039443736993759e-01
2.169844317347119078e-01
2.166649190957244397e-01
2.169270140280901982e-01
2.159684761111277662e-01
2.162305710434935524e-01
2.155559273202267978e-01
2.145690373784159277e-01
2.145690373784159277e-01
2.132909868224660277e-01
2.126236095196426257e-01
2.119562322168191959e-01
2.107355993674910055e-01
2.110551120064784736e-01
2.094938809137576741e-01
2.088904740810745009e-01
2.085993134669355265e-01
2.076407755499730667e-01
2.079602881889605626e-01
2.076691275748215881e-01
2.070584543216950901e-01
2.064194290437201262e-01
2.057804037657451901e-01
2.054819767311628909e-01
2.054819767311628631e-01
2.051624640921754228e-01
2.048429514531879547e-01
2.038844135362255228e-01
2.032453882582505866e-01
2.029258756192630908e-01
2.026063629802755950e-01
2.019673377023006866e-01
2.016478250633131908e-01
2.016478250633131908e-01
2.010087997853382269e-01
2.003697745073632630e-01
2.003704881642880686e-01
2.000509755253006006e-01
2.000444227617820259e-01
1.990858848448196217e-01
1.990793320813011025e-01
1.974817688863637344e-01
1.955872059706935950e-01
1.952756734090742297e-01
1.943396484103664945e-01
1.930608841974918166e-01
1.921248591987841092e-01
1.905338487673652881e-01
1.911728740453402520e-01
1.899238891711635679e-01
1.902434018101510638e-01
1.902434018101510360e-01
1.892768838158205846e-01
1.892768838158205569e-01
1.896189093730627495e-01
1.899159090937955208e-01
1.902354217327829611e-01
1.886378585378455930e-01
1.882958329806034281e-01
1.879763203416159323e-01
1.876342947843737674e-01
1.876342947843737674e-01
1.872922692271316025e-01
1.859917057529269779e-01
1.853526804749520140e-01
1.847136551969771057e-01
1.850331678359645737e-01
1.850331678359645737e-01
1.850331678359645737e-01
1.850331678359645737e-01
1.850331678359645737e-01
1.840746299190021418e-01
1.850331678359645737e-01
1.850331678359645737e-01
1.843941425579896098e-01
1.834356046410271779e-01
1.824770667240647737e-01
1.821575540850773056e-01
1.818380414460898098e-01
1.815185288071023417e-01
1.821575540850773056e-01
1.818380414460898098e-01
1.815185288071023417e-01
1.827965793630522695e-01
1.840746299190021418e-01
1.850331678359645737e-01
1.843941425579896098e-01
1.840746299190021418e-01
1.837551172800146737e-01
1.834356046410271779e-01
1.834356046410272056e-01
1.837551172800146737e-01
1.834356046410271779e-01
1.831160920020397098e-01
1.831160920020397098e-01
1.840746299190021418e-01
1.847136551969771057e-01
1.853526804749520140e-01
1.856721931139394821e-01
1.847136551969770779e-01
1.843941425579896098e-01
1.837551172800146460e-01
1.824770667240647737e-01
1.818380414460898098e-01
1.811990161681148737e-01
1.805599908901399375e-01
1.792819403341900375e-01
1.789624276952025417e-01
1.796014529731775056e-01
1.786429150562151014e-01
1.780038897782401375e-01
1.780038897782401375e-01
1.783234024172276333e-01
1.770453518612777333e-01
1.770453518612777055e-01
1.764063265833027694e-01
1.764063265833027971e-01
1.764063265833027971e-01
1.770453518612777055e-01
1.776843771392526417e-01
1.783234024172276333e-01
1.780038897782401375e-01
1.792819403341900097e-01
1.792819403341900097e-01
1.802404782511524417e-01
1.799209656121649459e-01
1.796014529731774778e-01
1.792819403341900097e-01
1.789624276952025417e-01
1.783234024172276333e-01
1.780554683782681058e-01
1.777875343393085783e-01
1.774680217003211102e-01
1.775196003003490508e-01
1.775711789003769914e-01
1.776227575004049597e-01
1.776743361004329003e-01
