2.051600000000000090e+00
1.878117639430194385e+00
1.788658434647165896e+00
1.704617887557366096e+00
1.649981827917784916e+00
1.601096932450791321e+00
1.552212036983797727e+00
1.514829469861979305e+00
1.488949231085335612e+00
1.454442246049810539e+00
1.424103181829386777e+00
1.387359228345827367e+00
1.356046989725055107e+00
1.327929877494157473e+00
1.302688379014147024e+00
1.278405418451099118e+00
1.254441970527038430e+00
1.233034623714877931e+00
1.215141915931579275e+00
1.197568720787268060e+00
1.178397962448019642e+00
1.158907691469784007e+00
1.140375958408510249e+00
1.122163737986224374e+00
1.103951517563938278e+00
1.086058809780639844e+00
1.070402690470253715e+00
1.054427058520880145e+00
1.038451426571506353e+00
1.022156281983145343e+00
1.006819675311746431e+00
9.927611191962976145e-01
9.790220757198364598e-01
9.649635196043875318e-01
9.534610646008384593e-01
9.422781222362767162e-01
9.314146925107027464e-01
9.224595600854686994e-01
9.122439341714544403e-01
9.039366055577799930e-01
8.949902516661306651e-01
8.857243851354940078e-01
8.783755944387822145e-01
8.694292405471328866e-01
8.595243487385212378e-01
8.496194569299095889e-01
8.397145651212978290e-01
8.291706480347111885e-01
8.186267309481246590e-01
8.077633012225504672e-01
7.988169473309011392e-01
7.879535176053270584e-01
7.780486257967154096e-01
7.694217845440536330e-01
7.604754306524044161e-01
7.505705388437928782e-01
7.416241849521434393e-01
7.329973436994817737e-01
7.250095277247948777e-01
7.154241485551706692e-01
7.071168199414963329e-01
6.991290039668095480e-01
6.914607006311100923e-01
6.841119099343981880e-01
6.783606824326237072e-01
6.713314043748993543e-01
6.652606642341373222e-01
6.585508988154002985e-01
6.527996713136258178e-01
6.473679564508387774e-01
6.416167289490641856e-01
6.352264761693147133e-01
6.288362233895652409e-01
6.205288947758910156e-01
6.150971799131039752e-01
6.080679018553794002e-01
6.023166743536049195e-01
5.962459342128429984e-01
5.888971435161312051e-01
5.818678654584066301e-01
5.757971253176445980e-01
5.706849230938451090e-01
5.668507714259953811e-01
5.620580818411833324e-01
5.559873417004213003e-01
5.505556268376342599e-01
5.444848866968723389e-01
5.406507350290225000e-01
5.358580454442104513e-01
5.313848684983858428e-01
5.269116915525611233e-01
5.227580272457240662e-01
5.166872871049620342e-01
5.125336227981249770e-01
5.058238573793879533e-01
5.010311677945757936e-01
4.959189655707762490e-01
4.927238391809015683e-01
4.882506622350769043e-01
4.834579726502648001e-01
4.783457704264652555e-01
4.761091819535528957e-01
4.725945429246907192e-01
4.700384418127909192e-01
4.668433154229162385e-01
4.636481890330415023e-01
4.594945247262043342e-01
4.553408604193671660e-01
4.511871961125300534e-01
4.473530444446802701e-01
4.428798674988556616e-01
4.387262031920185490e-01
4.352115641631563170e-01
4.323359504122690766e-01
4.285017987444194043e-01
4.249871597155571723e-01
4.214725206866949403e-01
4.176383690188452680e-01
4.141237299899830360e-01
4.102895783221333637e-01
4.070944519322586275e-01
4.038993255423839468e-01
4.007041991525091551e-01
3.981480980406093551e-01
3.952724842897221147e-01
3.923968705388348743e-01
3.901602820659225701e-01
3.876041809540227145e-01
3.840895419251605380e-01
3.824919787302232255e-01
3.802553902573108657e-01
3.780188017843986170e-01
3.751431880335112656e-01
3.729065995605990169e-01
3.713090363656615933e-01
3.693919605317367849e-01
3.668358594198369849e-01
3.668358594198369849e-01
3.652382962248996168e-01
3.642797583079372403e-01
3.623626824740123209e-01
3.607651192790750083e-01
3.598065813621125764e-01
3.585285308061626486e-01
3.562919423332503444e-01
3.556529170552754082e-01
3.524577906654006720e-01
3.499016895535008720e-01
3.476651010805885678e-01
3.457480252466637038e-01
3.438309494127389510e-01
3.422333862178015274e-01
3.393577724669142870e-01
3.380797219109643592e-01
3.358431334380520550e-01
3.345650828821022382e-01
3.326480070481773743e-01
3.307309312142525104e-01
3.288138553803276465e-01
3.272162921853902784e-01
3.246601910734904783e-01
3.240211657955155422e-01
3.230626278785531102e-01
3.230626278785531102e-01
3.230626278785531102e-01
3.224236026005781741e-01
3.211455520446283018e-01
3.195479888496909338e-01
3.185894509327285018e-01
3.173114003767786295e-01
3.163528624598161976e-01
3.153943245428537656e-01
3.134772487089289572e-01
3.112406602360165975e-01
3.099626096800667252e-01
3.090040717631042932e-01
3.083650464851293571e-01
3.077260212071544210e-01
3.077260212071544210e-01
3.067674832901919890e-01
3.054894327342421168e-01
3.042113821782921890e-01
3.026138189833547654e-01
3.010162557884175083e-01
2.994186925934800847e-01
2.984601546765175972e-01
2.978211293985426611e-01
2.959040535646178527e-01
2.946260030086679804e-01
2.936674650917055485e-01
2.927089271747431720e-01
2.927089271747431720e-01
2.923894145357556762e-01
2.920699018967682359e-01
2.904723387018308123e-01
2.895138007848684358e-01
2.885552628679060039e-01
2.872772123119560761e-01
2.859991617560062038e-01
2.847211112000562760e-01
2.828040353661314676e-01
2.812064721711940996e-01
2.792893963372692356e-01
2.786503710592942995e-01
2.770528078643568759e-01
2.757747573084070036e-01
2.744967067524571869e-01
2.732186561965072591e-01
2.722601182795448271e-01
2.716210930015698910e-01
2.709820677235949549e-01
2.706625550846075146e-01
2.700235298066325784e-01
2.693845045286576423e-01
2.693845045286575868e-01
2.681064539727076590e-01
2.674674286947327229e-01
2.668284034167577867e-01
2.655503528608079145e-01
2.645918149438454825e-01
2.626747391099206741e-01
2.610771759149832505e-01
2.591601000810583866e-01
2.578820495251085698e-01
2.572430242471336337e-01
2.559649736911837059e-01
2.546869231352338336e-01
2.540478978572588975e-01
2.537283852182714572e-01
2.537283852182714572e-01
2.534088725792839614e-01
2.530893599402964655e-01
2.521308220233340336e-01
2.518113093843465378e-01
2.511722841063716016e-01
2.502137461894091697e-01
2.492552082724467655e-01
2.486161829944718016e-01
2.479771577164968654e-01
2.473381324385218738e-01
2.466991071605469654e-01
2.460600818825719738e-01
2.454210566045970376e-01
2.451015439656095696e-01
2.451015439656095696e-01
2.451015439656095696e-01
2.441430060486471376e-01
2.438234934096596418e-01
2.441430060486470821e-01
2.441430060486471376e-01
2.438234934096596418e-01
2.435039807706721460e-01
2.431844681316847057e-01
2.428649554926972653e-01
2.425454428537097973e-01
2.419064175757348611e-01
2.412673922977598695e-01
2.403088543807974653e-01
2.396698291028225292e-01
2.390308038248475930e-01
2.383917785468726291e-01
2.377527532688976930e-01
2.377527532688976930e-01
2.367942153519352610e-01
2.371137279909227014e-01
2.358356774349728568e-01
2.345576268790229291e-01
2.332795763230730846e-01
2.323210384061106248e-01
2.313625004891481929e-01
2.304039625721857609e-01
2.288063993772484206e-01
2.281673740992734567e-01
2.265698109043360886e-01
2.272088361823110247e-01
2.281673740992734567e-01
2.278478614602860164e-01
2.278478614602860164e-01
2.275283488212985206e-01
2.278478614602860164e-01
2.278478614602860164e-01
2.278478614602860164e-01
2.281673740992734567e-01
2.268893235433235844e-01
2.249722477093987483e-01
2.252917603483862441e-01
2.240137097924363163e-01
2.230551718754739121e-01
2.224161465974989205e-01
2.211380960415490760e-01
2.204990707635741121e-01
2.189015075686367440e-01
2.182624822906618078e-01
2.185819949296492759e-01
2.173039443736993759e-01
2.176234570126868439e-01
2.179429696516743120e-01
2.176234570126868439e-01
2.182624822906618078e-01
2.176234570126868439e-01
2.182624822906618078e-01
2.189015075686367440e-01
2.189015075686367717e-01
2.182624822906618078e-01
2.182624822906618078e-01
2.176234570126868717e-01
2.166649190957244675e-01
2.157063811787620078e-01
2.160258938177495036e-01
2.150673559007870717e-01
2.147478432617996313e-01
2.134697927058497036e-01
2.134697927058496758e-01
2.128307674278747674e-01
2.118722295109123355e-01
2.115527168719248674e-01
2.112332042329373716e-01
2.099551536769874993e-01
2.089966157600250674e-01
2.070795399261002312e-01
2.064405146481252951e-01
2.058014893701503589e-01
2.054819767311628631e-01
2.054819767311628631e-01
2.042039261752129908e-01
2.032453882582505866e-01
2.019673377023006866e-01
2.013283124243257227e-01
2.006892871463507588e-01
1.997307492293883546e-01
1.987722113124259227e-01
1.971746481174885546e-01
1.962161102005261226e-01
1.962161102005260949e-01
1.958965975615386546e-01
1.962161102005260949e-01
1.952575722835637184e-01
1.955770849225511865e-01
1.958965975615386546e-01
1.955770849225512142e-01
1.952575722835637462e-01
1.949380596445762504e-01
1.939795217276138461e-01
1.927014711716639461e-01
1.914234206157140461e-01
1.914234206157140461e-01
1.901453700597641183e-01
1.891868321428017419e-01
1.885478068648267780e-01
1.882282942258393099e-01
1.875892689478643460e-01
1.872697563088768780e-01
1.872697563088768780e-01
1.872697563088768780e-01
1.872697563088768780e-01
1.875892689478643460e-01
1.872697563088768780e-01
1.872697563088768780e-01
1.869502436698894099e-01
1.869502436698894099e-01
1.872697563088768780e-01
1.872697563088768780e-01
1.872697563088768780e-01
1.869502436698894099e-01
1.866307310309019418e-01
1.866307310309019418e-01
1.866307310309019418e-01
1.866307310309019418e-01
1.866307310309019418e-01
1.859917057529269779e-01
1.856721931139394821e-01
1.843941425579896098e-01
1.834356046410271779e-01
1.824770667240647737e-01
1.815185288071023417e-01
1.802404782511524695e-01
1.792819403341900375e-01
1.783234024172276333e-01
1.776843771392526694e-01
1.770453518612777333e-01
1.773648645002652013e-01
1.770453518612777055e-01
1.767258392222902375e-01
1.770453518612777055e-01
1.776843771392526694e-01
1.776843771392526694e-01
1.773648645002652013e-01
1.770453518612777055e-01
1.767258392222902375e-01
1.767258392222902375e-01
1.767258392222902652e-01
1.764063265833027971e-01
1.757673013053278610e-01
1.751282760273528694e-01
1.751282760273528694e-01
1.748087633883654013e-01
1.748087633883654290e-01
1.741697381103904652e-01
1.735307128324155290e-01
1.735307128324155290e-01
1.735307128324155290e-01
1.725721749154530971e-01
1.719331496374781332e-01
1.709746117205157567e-01
1.703355864425407651e-01
1.696965611645658289e-01
1.696965611645658289e-01
1.693770485255783609e-01
1.687380232476033970e-01
1.684185106086159289e-01
1.680989979696284609e-01
1.674599726916535525e-01
1.665014347746911205e-01
1.658624094967161566e-01
1.649038715797537524e-01
1.639453336627913205e-01
1.629867957458289163e-01
1.617087451898789885e-01
1.610697199119040801e-01
1.607502072729165843e-01
1.601111819949416204e-01
1.604306946339290885e-01
1.607502072729165843e-01
1.604306946339290885e-01
1.604306946339290885e-01
1.607502072729165565e-01
1.607502072729165843e-01
1.604306946339291162e-01
1.604306946339291162e-01
1.607502072729165843e-01
1.607502072729165843e-01
1.601111819949416482e-01
1.607502072729165843e-01
1.604306946339290885e-01
1.597916693559541523e-01
1.604306946339290885e-01
1.597916693559541246e-01
1.594721567169666843e-01
1.591526440779791884e-01
1.585136188000042523e-01
1.588331314389917204e-01
1.578745935220292884e-01
1.578745935220293162e-01
1.575550808830418203e-01
1.575550808830418203e-01
1.578745935220293162e-01
1.581941061610167565e-01
1.585136188000042523e-01
1.585136188000042523e-01
1.585136188000042523e-01
1.594721567169666843e-01
1.601111819949415926e-01
1.610697199119040524e-01
1.607502072729165843e-01
1.613892325508915204e-01
1.613892325508915482e-01
1.617087451898789885e-01
1.620282578288664566e-01
1.613892325508915204e-01
1.604306946339291162e-01
1.594721567169666843e-01
1.585136188000042523e-01
1.581941061610167842e-01
1.575550808830418203e-01
1.569160556050669120e-01
1.562770303270919481e-01
1.556380050491169842e-01
1.556380050491169842e-01
1.556380050491169842e-01
1.559575176881044523e-01
1.562770303270919481e-01
1.562770303270919203e-01
1.562770303270919481e-01
1.559575176881044523e-01
1.556380050491169842e-01
1.559575176881044800e-01
1.562770303270919481e-01
1.562770303270919203e-01
1.559575176881044800e-01
1.556380050491169842e-01
1.549989797711420758e-01
1.540404418541796161e-01
1.537209292151921480e-01
1.530819039372172119e-01
1.521233660202548077e-01
1.511648281032923480e-01
1.505258028253174396e-01
1.498867775473424480e-01
1.492477522693675118e-01
1.489282396303800438e-01
1.489282396303800438e-01
1.489282396303800438e-01
1.489282396303800438e-01
1.489282396303800438e-01
1.489282396303800438e-01
1.489282396303800438e-01
1.489282396303800438e-01
1.489282396303800438e-01
1.489282396303800438e-01
1.489282396303800438e-01
